MiePlot v4.6.21

Date & Time: 10/4/2023 4:55:22 PM 

Calculation Method:         Mie (plane wave)

Graph type: Qext/Qsca/Qabs v. radius

Refractive index (sphere) 	Real part: 	1.57	Imaginary part: 	0
Refractive index (medium)	Real part: 	1.33	

Wavelength: 	0.785	 um

Radius (µm)	Qext	Qsca	Qabs
 0.5 	 1.65095396521079 	 1.65095396521079 	 2.22044604925031E-16 
 0.505523345968927 	 1.68236394425009 	 1.68236394425009 	 2.22044604925031E-16 
 0.511107706639238 	 1.71370633881146 	 1.71370633881146 	 0 
 0.516753756021545 	 1.74494179268714 	 1.74494179268714 	 0 
 0.522462175572044 	 1.77609739826005 	 1.77609739826005 	 0 
 0.528233654274769 	 1.80726973040833 	 1.80726973040833 	 0 
 0.534068888724749 	 1.83861664068507 	 1.83861664068507 	 0 
 0.539968583212083 	 1.8703377351689 	 1.8703377351689 	-2.22044604925031E-16 
 0.545933449806946 	 1.90264515395281 	 1.90264515395281 	 0 
 0.551964208445533 	 1.93572793457851 	 1.93572793457851 	 0 
 0.558061587016952 	 1.96971484980914 	 1.96971484980914 	 0 
 0.564226321451078 	 2.00464204558161 	 2.00464204558161 	 0 
 0.570459155807376 	 2.04043267446605 	 2.04043267446605 	 0 
 0.576760842364708 	 2.07689531846009 	 2.07689531846009 	 0 
 0.583132141712128 	 2.11374557530409 	 2.11374557530409 	 4.44089209850063E-16 
 0.589573822840683 	 2.15065051283299 	 2.15065051283299 	 4.44089209850063E-16 
 0.596086663236227 	 2.18728959695631 	 2.18728959695631 	 0 
 0.60267144897326 	 2.22342006565594 	 2.22342006565594 	 0 
 0.609328974809808 	 2.25893175811902 	 2.25893175811902 	-4.44089209850063E-16 
 0.61606004428334 	 2.29387744320643 	 2.29387744320643 	 0 
 0.622865469807758 	 2.32846944348112 	 2.32846944348112 	 4.44089209850063E-16 
 0.629746072771451 	 2.36304026624451 	 2.36304026624451 	 0 
 0.63670268363643 	 2.39797232712999 	 2.39797232712999 	 0 
 0.643736142038567 	 2.43360873226563 	 2.43360873226563 	 0 
 0.650847296888929 	 2.47016311671722 	 2.47016311671722 	 0 
 0.658037006476246 	 2.50765083432391 	 2.50765083432391 	-4.44089209850063E-16 
 0.665306138570496 	 2.54586395013119 	 2.54586395013119 	-4.44089209850063E-16 
 0.672655570527648 	 2.58440523875028 	 2.58440523875028 	 0 
 0.680086189395548 	 2.62278050124483 	 2.62278050124483 	 0 
 0.687598892020989 	 2.66052795578521 	 2.66052795578521 	 4.44089209850063E-16 
 0.695194585157954 	 2.69734716239495 	 2.69734716239495 	 0 
 0.702874185577058 	 2.73318648341034 	 2.73318648341034 	 0 
 0.710638620176198 	 2.76825938613465 	 2.76825938613465 	 0 
 0.718488826092425 	 2.80298036111848 	 2.80298036111848 	-4.44089209850063E-16 
 0.726425750815058 	 2.83783321253718 	 2.83783321253718 	 0 
 0.734450352300036 	 2.87320392912044 	 2.87320392912044 	 0 
 0.742563599085543 	 2.90922630641666 	 2.90922630641666 	 4.44089209850063E-16 
 0.750766470408905 	 2.9456970211098 	 2.9456970211098 	 0 
 0.759059956324782 	 2.9821073261898 	 2.9821073261898 	 0 
 0.767445057824662 	 3.01780127194587 	 3.01780127194587 	 0 
 0.775922786957679 	 3.05221333457128 	 3.05221333457128 	 0 
 0.784494166952761 	 3.08509259701587 	 3.08509259701587 	 0 
 0.793160232342132 	 3.11661770996554 	 3.11661770996554 	 0 
 0.801922029086172 	 3.14734834316278 	 3.14734834316278 	-8.88178419700125E-16 
 0.810780614699665 	 3.17801779946058 	 3.17801779946058 	 0 
 0.819737058379436 	 3.20922469684517 	 3.20922469684517 	 0 
 0.828792441133396 	 3.24112668569444 	 3.24112668569444 	 0 
 0.837947855911018 	 3.27327190699882 	 3.27327190699882 	 0 
 0.847204407735252 	 3.30469004322091 	 3.30469004322091 	 4.44089209850063E-16 
 0.856563213835895 	 3.33426242221561 	 3.33426242221561 	 0 
 0.866025403784438 	 3.36122581535153 	 3.36122581535153 	 8.88178419700125E-16 
 0.8755921196304 	 3.38555666988139 	 3.38555666988139 	 0 
 0.885264516039169 	 3.40803053900507 	 3.40803053900507 	 0 
 0.895043760431367 	 3.4299122417984 	 3.4299122417984 	 8.88178419700125E-16 
 0.90493103312375 	 3.45238548316168 	 3.45238548316168 	 0 
 0.914927527471672 	 3.47593305353822 	 3.47593305353822 	 0 
 0.925034450013113 	 3.49995607709841 	 3.49995607709841 	 0 
 0.93525302061431 	 3.52291632264039 	 3.52291632264039 	 0 
 0.945584472616983 	 3.54305644215421 	 3.54305644215421 	 0 
 0.956030052987201 	 3.55934460801141 	 3.55934460801141 	 4.44089209850063E-16 
 0.96659102246588 	 3.57206706046272 	 3.57206706046272 	 4.44089209850063E-16 
 0.977268655720956 	 3.5827065340352 	 3.5827065340352 	 0 
 0.988064241501225 	 3.59316244426443 	 3.59316244426443 	 4.44089209850063E-16 
 0.998979082791898 	 3.60466306886848 	 3.60466306886848 	 0 
 1.01001449697186 	 3.61690197072215 	 3.61690197072215 	 4.44089209850063E-16 
 1.02117181597267 	 3.62801970194511 	 3.62801970194511 	 4.44089209850063E-16 
 1.03245238643934 	 3.63569391658402 	 3.63569391658402 	 0 
 1.04385756989284 	 3.63870373272039 	 3.63870373272039 	 0 
 1.05538874289444 	 3.63779392161439 	 3.63779392161439 	 0 
 1.06704729721188 	 3.63521263754539 	 3.63521263754539 	 0 
 1.0788346399873 	 3.63322949974113 	 3.63322949974113 	 8.88178419700125E-16 
 1.09075219390712 	 3.63245101263555 	 3.63245101263555 	 0 
 1.10280139737375 	 3.63103635973938 	 3.63103635973938 	-4.44089209850063E-16 
 1.11498370467917 	 3.62579825745958 	 3.62579825745958 	 0 
 1.12730058618049 	 3.61473581608436 	 3.61473581608436 	 0 
 1.13975352847739 	 3.5988230729266 	 3.5988230729266 	 0 
 1.15234403459156 	 3.5814302815097 	 3.5814302815097 	 4.44089209850063E-16 
 1.16507362414811 	 3.56585003921505 	 3.56585003921505 	 0 
 1.177943833559 	 3.55253148206424 	 3.55253148206424 	 0 
 1.19095621620842 	 3.53805911591733 	 3.53805911591733 	 0 
 1.20411234264034 	 3.51759177638784 	 3.51759177638784 	 0 
 1.21741380074806 	 3.4893104006495 	 3.4893104006495 	 0 
 1.23086219596581 	 3.45640073229452 	 3.45640073229452 	 0 
 1.2444591514626 	 3.42457985019307 	 3.42457985019307 	 8.88178419700125E-16 
 1.25820630833805 	 3.39728401497432 	 3.39728401497432 	 0 
 1.27210532582052 	 3.37202005703324 	 3.37202005703324 	 0 
 1.28615788146737 	 3.3418234511771 	 3.3418234511771 	 0 
 1.30036567136738 	 3.30214673005739 	 3.30214673005739 	 0 
 1.31473041034553 	 3.2558753523777 	 3.2558753523777 	 0 
 1.32925383216995 	 3.21074891994776 	 3.21074891994776 	 4.44089209850063E-16 
 1.34393768976114 	 3.17204988395337 	 3.17204988395337 	 0 
 1.3587837554036 	 3.13658765172568 	 3.13658765172568 	 0 
 1.37379382095971 	 3.09491927939868 	 3.09491927939868 	 0 
 1.38896969808597 	 3.0422844084056 	 3.0422844084056 	 4.44089209850063E-16 
 1.40431321845174 	 2.9847470932392 	 2.9847470932392 	 0 
 1.41982623396024 	 2.93282358123155 	 2.93282358123155 	 4.44089209850063E-16 
 1.43551061697208 	 2.89000561239838 	 2.89000561239838 	 0 
 1.45136826053129 	 2.84695109868094 	 2.84695109868094 	 0 
 1.46740107859375 	 2.79174965796156 	 2.79174965796156 	 0 
 1.48361100625825 	 2.72631723422261 	 2.72631723422261 	 0 
 1.5 	 2.66484109218064 	 2.66484109218064 	 0 
******************************************

