MiePlot v4.6.21

Date & Time: 10/4/2023 4:57:54 PM 

Calculation Method:         Mie (plane wave)

Graph type: Qext/Qsca/Qabs v. wavelength

Radius: 1 um

Wavelength (nm)	RI (Real + Imag)		Medium RI	Qext	Qsca	Qabs
 200 	 1.57 	 0 	 1.33 	 2.03444062912886 	 2.03444062912886 	 0 
 200.322147 	 1.57 	 0 	 1.33 	 2.04065488757139 	 2.04065488757139 	 0 
 200.644812 	 1.57 	 0 	 1.33 	 2.0357264188502 	 2.0357264188502 	-4.44089209850063E-16 
 200.967998 	 1.57 	 0 	 1.33 	 2.02893269539028 	 2.02893269539028 	 4.44089209850063E-16 
 201.291704 	 1.57 	 0 	 1.33 	 2.02352186816476 	 2.02352186816476 	 0 
 201.615931 	 1.57 	 0 	 1.33 	 2.00433278823327 	 2.00433278823327 	 0 
 201.940681 	 1.57 	 0 	 1.33 	 1.96870115153103 	 1.96870115153103 	 0 
 202.265953 	 1.57 	 0 	 1.33 	 1.9371456105133 	 1.9371456105133 	-4.44089209850063E-16 
 202.59175 	 1.57 	 0 	 1.33 	 1.91883307602385 	 1.91883307602385 	 0 
 202.918071 	 1.57 	 0 	 1.33 	 1.91182453882202 	 1.91182453882202 	 0 
 203.244918 	 1.57 	 0 	 1.33 	 1.91321951956164 	 1.91321951956164 	 0 
 203.572292 	 1.57 	 0 	 1.33 	 1.92133802391955 	 1.92133802391955 	 0 
 203.900192 	 1.57 	 0 	 1.33 	 1.93483454352634 	 1.93483454352634 	 0 
 204.228621 	 1.57 	 0 	 1.33 	 1.95070497054434 	 1.95070497054434 	 0 
 204.557579 	 1.57 	 0 	 1.33 	 1.9626088600906 	 1.9626088600906 	 0 
 204.887067 	 1.57 	 0 	 1.33 	 1.96479912193286 	 1.96479912193286 	 0 
 205.217086 	 1.57 	 0 	 1.33 	 1.9605299622471 	 1.9605299622471 	 6.66133814775094E-16 
 205.547636 	 1.57 	 0 	 1.33 	 1.95646332956061 	 1.95646332956061 	 0 
 205.878718 	 1.57 	 0 	 1.33 	 1.94649097477349 	 1.94649097477349 	 0 
 206.210334 	 1.57 	 0 	 1.33 	 1.91967606070462 	 1.91967606070462 	 0 
 206.542484 	 1.57 	 0 	 1.33 	 1.88642510086615 	 1.88642510086615 	 2.22044604925031E-16 
 206.875169 	 1.57 	 0 	 1.33 	 1.86238164243971 	 1.86238164243971 	 0 
 207.20839 	 1.57 	 0 	 1.33 	 1.85056759874748 	 1.85056759874748 	 0 
 207.542147 	 1.57 	 0 	 1.33 	 1.84858071308059 	 1.84858071308059 	 0 
 207.876442 	 1.57 	 0 	 1.33 	 1.85417108984625 	 1.85417108984625 	 0 
 208.211276 	 1.57 	 0 	 1.33 	 1.86586765127509 	 1.86586765127509 	 0 
 208.546649 	 1.57 	 0 	 1.33 	 1.88193363542085 	 1.88193363542085 	 0 
 208.882562 	 1.57 	 0 	 1.33 	 1.8987326352996 	 1.8987326352996 	-4.44089209850063E-16 
 209.219016 	 1.57 	 0 	 1.33 	 1.91046248205474 	 1.91046248205474 	-4.44089209850063E-16 
 209.556012 	 1.57 	 0 	 1.33 	 1.91378274830339 	 1.91378274830339 	 2.22044604925031E-16 
 209.893551 	 1.57 	 0 	 1.33 	 1.91241538532998 	 1.91241538532998 	-2.22044604925031E-16 
 210.231634 	 1.57 	 0 	 1.33 	 1.90958776380939 	 1.90958776380939 	 4.44089209850063E-16 
 210.570261 	 1.57 	 0 	 1.33 	 1.89798808928454 	 1.89798808928454 	-2.22044604925031E-16 
 210.909434 	 1.57 	 0 	 1.33 	 1.87178893077931 	 1.87178893077931 	 2.22044604925031E-16 
 211.249153 	 1.57 	 0 	 1.33 	 1.84247228542851 	 1.84247228542851 	 0 
 211.589419 	 1.57 	 0 	 1.33 	 1.82227995906573 	 1.82227995906573 	 2.22044604925031E-16 
 211.930233 	 1.57 	 0 	 1.33 	 1.81339086318589 	 1.81339086318589 	 0 
 212.271596 	 1.57 	 0 	 1.33 	 1.81380913419408 	 1.81380913419408 	 0 
 212.613509 	 1.57 	 0 	 1.33 	 1.82152709480352 	 1.82152709480352 	 2.22044604925031E-16 
 212.955973 	 1.57 	 0 	 1.33 	 1.83505778979556 	 1.83505778979556 	 0 
 213.298988 	 1.57 	 0 	 1.33 	 1.85262062238932 	 1.85262062238932 	 0 
 213.642556 	 1.57 	 0 	 1.33 	 1.87095084669362 	 1.87095084669362 	-2.22044604925031E-16 
 213.986678 	 1.57 	 0 	 1.33 	 1.88524369757789 	 1.88524369757789 	 0 
 214.331353 	 1.57 	 0 	 1.33 	 1.89244352846725 	 1.89244352846725 	 0 
 214.676584 	 1.57 	 0 	 1.33 	 1.89461570298604 	 1.89461570298604 	 0 
 215.022371 	 1.57 	 0 	 1.33 	 1.89411263354367 	 1.89411263354367 	-2.22044604925031E-16 
 215.368715 	 1.57 	 0 	 1.33 	 1.8858859733916 	 1.8858859733916 	 0 
 215.715616 	 1.57 	 0 	 1.33 	 1.86471218098403 	 1.86471218098403 	 4.44089209850063E-16 
 216.063077 	 1.57 	 0 	 1.33 	 1.83858529116393 	 1.83858529116393 	 0 
 216.411097 	 1.57 	 0 	 1.33 	 1.81914863398869 	 1.81914863398869 	 0 
 216.759677 	 1.57 	 0 	 1.33 	 1.81022914189305 	 1.81022914189305 	-2.22044604925031E-16 
 217.108819 	 1.57 	 0 	 1.33 	 1.81069602938269 	 1.81069602938269 	 0 
 217.458524 	 1.57 	 0 	 1.33 	 1.81863901976442 	 1.81863901976442 	 0 
 217.808792 	 1.57 	 0 	 1.33 	 1.83249686252767 	 1.83249686252767 	 0 
 218.159624 	 1.57 	 0 	 1.33 	 1.85068114007382 	 1.85068114007382 	 0 
 218.511021 	 1.57 	 0 	 1.33 	 1.87072432272934 	 1.87072432272934 	 0 
 218.862984 	 1.57 	 0 	 1.33 	 1.88886161063236 	 1.88886161063236 	-6.66133814775094E-16 
 219.215514 	 1.57 	 0 	 1.33 	 1.90156429873671 	 1.90156429873671 	 0 
 219.568612 	 1.57 	 0 	 1.33 	 1.90850842957425 	 1.90850842957425 	 0 
 219.922278 	 1.57 	 0 	 1.33 	 1.91171506266054 	 1.91171506266054 	 6.66133814775094E-16 
 220.276515 	 1.57 	 0 	 1.33 	 1.90961814468176 	 1.90961814468176 	 0 
 220.631321 	 1.57 	 0 	 1.33 	 1.89689431990688 	 1.89689431990688 	 0 
 220.9867 	 1.57 	 0 	 1.33 	 1.87519481494433 	 1.87519481494433 	 0 
 221.34265 	 1.57 	 0 	 1.33 	 1.8546891547823 	 1.8546891547823 	 2.22044604925031E-16 
 221.699174 	 1.57 	 0 	 1.33 	 1.84267242172172 	 1.84267242172172 	 4.44089209850063E-16 
 222.056273 	 1.57 	 0 	 1.33 	 1.84029314123571 	 1.84029314123571 	 0 
 222.413946 	 1.57 	 0 	 1.33 	 1.84612608831864 	 1.84612608831864 	 0 
 222.772196 	 1.57 	 0 	 1.33 	 1.85851203885599 	 1.85851203885599 	 2.22044604925031E-16 
 223.131023 	 1.57 	 0 	 1.33 	 1.87596033636437 	 1.87596033636437 	 0 
 223.490427 	 1.57 	 0 	 1.33 	 1.89671474805505 	 1.89671474805505 	 0 
 223.850411 	 1.57 	 0 	 1.33 	 1.91817532865386 	 1.91817532865386 	 0 
 224.210974 	 1.57 	 0 	 1.33 	 1.93700600730987 	 1.93700600730987 	-4.44089209850063E-16 
 224.572119 	 1.57 	 0 	 1.33 	 1.95073031996447 	 1.95073031996447 	 0 
 224.933844 	 1.57 	 0 	 1.33 	 1.95940086834365 	 1.95940086834365 	 0 
 225.296153 	 1.57 	 0 	 1.33 	 1.96380314501434 	 1.96380314501434 	 0 
 225.659045 	 1.57 	 0 	 1.33 	 1.96155871885367 	 1.96155871885367 	-2.22044604925031E-16 
 226.022522 	 1.57 	 0 	 1.33 	 1.9492845306425 	 1.9492845306425 	 0 
 226.386584 	 1.57 	 0 	 1.33 	 1.93036827495985 	 1.93036827495985 	 0 
 226.751232 	 1.57 	 0 	 1.33 	 1.91360681054812 	 1.91360681054812 	 2.22044604925031E-16 
 227.116468 	 1.57 	 0 	 1.33 	 1.90479381609885 	 1.90479381609885 	 2.22044604925031E-16 
 227.482292 	 1.57 	 0 	 1.33 	 1.90490058783517 	 1.90490058783517 	 0 
 227.848706 	 1.57 	 0 	 1.33 	 1.9127503076541 	 1.9127503076541 	 0 
 228.215709 	 1.57 	 0 	 1.33 	 1.92683186992885 	 1.92683186992885 	 0 
 228.583304 	 1.57 	 0 	 1.33 	 1.94568793225221 	 1.94568793225221 	 0 
 228.951491 	 1.57 	 0 	 1.33 	 1.96763559463192 	 1.96763559463192 	 4.44089209850063E-16 
 229.320271 	 1.57 	 0 	 1.33 	 1.99037925514234 	 1.99037925514234 	-4.44089209850063E-16 
 229.689645 	 1.57 	 0 	 1.33 	 2.01110486798586 	 2.01110486798586 	 0 
 230.059614 	 1.57 	 0 	 1.33 	 2.02753918287932 	 2.02753918287932 	 0 
 230.430178 	 1.57 	 0 	 1.33 	 2.03911707554457 	 2.03911707554457 	 0 
 230.80134 	 1.57 	 0 	 1.33 	 2.04603432822619 	 2.04603432822619 	-4.44089209850063E-16 
 231.1731 	 1.57 	 0 	 1.33 	 2.04664683509664 	 2.04664683509664 	 0 
 231.545458 	 1.57 	 0 	 1.33 	 2.03835128411742 	 2.03835128411742 	 0 
 231.918416 	 1.57 	 0 	 1.33 	 2.02303144875418 	 2.02303144875418 	 0 
 232.291975 	 1.57 	 0 	 1.33 	 2.0077314068736 	 2.0077314068736 	 0 
 232.666135 	 1.57 	 0 	 1.33 	 1.998561618935 	 1.998561618935 	 0 
 233.040899 	 1.57 	 0 	 1.33 	 1.99759249133155 	 1.99759249133155 	 0 
 233.416265 	 1.57 	 0 	 1.33 	 2.00430365235258 	 2.00430365235258 	 0 
 233.792237 	 1.57 	 0 	 1.33 	 2.0173911372408 	 2.0173911372408 	 0 
 234.168814 	 1.57 	 0 	 1.33 	 2.03547250109974 	 2.03547250109974 	 0 
 234.545997 	 1.57 	 0 	 1.33 	 2.05706702040353 	 2.05706702040353 	-4.44089209850063E-16 
 234.923789 	 1.57 	 0 	 1.33 	 2.08033408601483 	 2.08033408601483 	 0 
 235.302188 	 1.57 	 0 	 1.33 	 2.10297716523785 	 2.10297716523785 	 0 
 235.681197 	 1.57 	 0 	 1.33 	 2.122703320182 	 2.122703320182 	 0 
 236.060817 	 1.57 	 0 	 1.33 	 2.13811565656846 	 2.13811565656846 	-4.44089209850063E-16 
 236.441048 	 1.57 	 0 	 1.33 	 2.14886597005742 	 2.14886597005742 	 0 
 236.821892 	 1.57 	 0 	 1.33 	 2.15424204675225 	 2.15424204675225 	 0 
 237.203349 	 1.57 	 0 	 1.33 	 2.15227947036372 	 2.15227947036372 	 4.44089209850063E-16 
 237.58542 	 1.57 	 0 	 1.33 	 2.14238602787642 	 2.14238602787642 	 0 
 237.968107 	 1.57 	 0 	 1.33 	 2.12849504150194 	 2.12849504150194 	 0 
 238.35141 	 1.57 	 0 	 1.33 	 2.11687876968455 	 2.11687876968455 	 0 
 238.735331 	 1.57 	 0 	 1.33 	 2.11172017895081 	 2.11172017895081 	 0 
 239.11987 	 1.57 	 0 	 1.33 	 2.11409117643917 	 2.11409117643917 	 4.44089209850063E-16 
 239.505029 	 1.57 	 0 	 1.33 	 2.12332396549891 	 2.12332396549891 	 4.44089209850063E-16 
 239.890807 	 1.57 	 0 	 1.33 	 2.13821107465892 	 2.13821107465892 	 0 
 240.277208 	 1.57 	 0 	 1.33 	 2.15743807817037 	 2.15743807817037 	 0 
 240.66423 	 1.57 	 0 	 1.33 	 2.17955239131938 	 2.17955239131938 	-4.44089209850063E-16 
 241.051876 	 1.57 	 0 	 1.33 	 2.20280715548023 	 2.20280715548023 	 0 
 241.440147 	 1.57 	 0 	 1.33 	 2.22517443031181 	 2.22517443031181 	 0 
 241.829042 	 1.57 	 0 	 1.33 	 2.24473659845651 	 2.24473659845651 	 4.44089209850063E-16 
 242.218565 	 1.57 	 0 	 1.33 	 2.2602459803978 	 2.2602459803978 	 0 
 242.608714 	 1.57 	 0 	 1.33 	 2.27108350899243 	 2.27108350899243 	 4.44089209850063E-16 
 242.999492 	 1.57 	 0 	 1.33 	 2.27633798566375 	 2.27633798566375 	 0 
 243.3909 	 1.57 	 0 	 1.33 	 2.27454185573498 	 2.27454185573498 	 0 
 243.782938 	 1.57 	 0 	 1.33 	 2.26568897373416 	 2.26568897373416 	 0 
 244.175607 	 1.57 	 0 	 1.33 	 2.25324894644415 	 2.25324894644415 	 0 
 244.568909 	 1.57 	 0 	 1.33 	 2.24252538051065 	 2.24252538051065 	 0 
 244.962844 	 1.57 	 0 	 1.33 	 2.23736433450149 	 2.23736433450149 	 0 
 245.357414 	 1.57 	 0 	 1.33 	 2.23908060451842 	 2.23908060451842 	 0 
 245.75262 	 1.57 	 0 	 1.33 	 2.24732547302569 	 2.24732547302569 	 0 
 246.148462 	 1.57 	 0 	 1.33 	 2.26108503821854 	 2.26108503821854 	 0 
 246.544941 	 1.57 	 0 	 1.33 	 2.27915160366367 	 2.27915160366367 	 4.44089209850063E-16 
 246.94206 	 1.57 	 0 	 1.33 	 2.30019527897731 	 2.30019527897731 	 0 
 247.339818 	 1.57 	 0 	 1.33 	 2.32268539593343 	 2.32268539593343 	 0 
 247.738216 	 1.57 	 0 	 1.33 	 2.34487701414816 	 2.34487701414816 	 0 
 248.137257 	 1.57 	 0 	 1.33 	 2.3650166813772 	 2.3650166813772 	 0 
 248.53694 	 1.57 	 0 	 1.33 	 2.38170832114324 	 2.38170832114324 	 4.44089209850063E-16 
 248.937266 	 1.57 	 0 	 1.33 	 2.39404239626986 	 2.39404239626986 	 0 
 249.338238 	 1.57 	 0 	 1.33 	 2.40117544079593 	 2.40117544079593 	 0 
 249.739856 	 1.57 	 0 	 1.33 	 2.40198156440938 	 2.40198156440938 	-8.88178419700125E-16 
 250.14212 	 1.57 	 0 	 1.33 	 2.39598660217971 	 2.39598660217971 	 4.44089209850063E-16 
 250.545032 	 1.57 	 0 	 1.33 	 2.38507940972011 	 2.38507940972011 	 4.44089209850063E-16 
 250.948594 	 1.57 	 0 	 1.33 	 2.37342864574512 	 2.37342864574512 	 0 
 251.352805 	 1.57 	 0 	 1.33 	 2.36519511124404 	 2.36519511124404 	-4.44089209850063E-16 
 251.757668 	 1.57 	 0 	 1.33 	 2.36272426076283 	 2.36272426076283 	 0 
 252.163182 	 1.57 	 0 	 1.33 	 2.36652218041129 	 2.36652218041129 	 0 
 252.56935 	 1.57 	 0 	 1.33 	 2.37604046010712 	 2.37604046010712 	 0 
 252.976172 	 1.57 	 0 	 1.33 	 2.39030302162066 	 2.39030302162066 	 0 
 253.383649 	 1.57 	 0 	 1.33 	 2.40816840397125 	 2.40816840397125 	 4.44089209850063E-16 
 253.791783 	 1.57 	 0 	 1.33 	 2.42836056210255 	 2.42836056210255 	 0 
 254.200574 	 1.57 	 0 	 1.33 	 2.44943756647312 	 2.44943756647312 	-4.44089209850063E-16 
 254.610023 	 1.57 	 0 	 1.33 	 2.46983594686601 	 2.46983594686601 	 0 
 255.020132 	 1.57 	 0 	 1.33 	 2.48805354753643 	 2.48805354753643 	 0 
 255.430902 	 1.57 	 0 	 1.33 	 2.50286696584637 	 2.50286696584637 	 4.44089209850063E-16 
 255.842333 	 1.57 	 0 	 1.33 	 2.51333256543184 	 2.51333256543184 	 0 
 256.254427 	 1.57 	 0 	 1.33 	 2.51852770358151 	 2.5185277035815 	 4.44089209850063E-16 
 256.667184 	 1.57 	 0 	 1.33 	 2.51757374238121 	 2.51757374238121 	 0 
 257.080607 	 1.57 	 0 	 1.33 	 2.5105225955385 	 2.5105225955385 	-4.44089209850063E-16 
 257.494695 	 1.57 	 0 	 1.33 	 2.49939937647669 	 2.49939937647669 	 4.44089209850063E-16 
 257.909451 	 1.57 	 0 	 1.33 	 2.48781905828229 	 2.48781905828229 	 1.33226762955019E-15 
 258.324874 	 1.57 	 0 	 1.33 	 2.47926573276287 	 2.47926573276287 	 4.44089209850063E-16 
 258.740967 	 1.57 	 0 	 1.33 	 2.47579887298642 	 2.47579887298642 	 0 
 259.157729 	 1.57 	 0 	 1.33 	 2.47798476294876 	 2.47798476294876 	 0 
 259.575164 	 1.57 	 0 	 1.33 	 2.48544713493161 	 2.48544713493161 	 0 
 259.99327 	 1.57 	 0 	 1.33 	 2.49736661358255 	 2.49736661358255 	 0 
 260.41205 	 1.57 	 0 	 1.33 	 2.5127311700257 	 2.5127311700257 	 0 
 260.831504 	 1.57 	 0 	 1.33 	 2.53040280539768 	 2.53040280539768 	 0 
 261.251635 	 1.57 	 0 	 1.33 	 2.54911675474701 	 2.54911675474701 	 0 
 261.672441 	 1.57 	 0 	 1.33 	 2.56751063381566 	 2.56751063381566 	-4.44089209850063E-16 
 262.093926 	 1.57 	 0 	 1.33 	 2.58423189698269 	 2.58423189698269 	 0 
 262.51609 	 1.57 	 0 	 1.33 	 2.59807949006006 	 2.59807949006006 	 0 
 262.938933 	 1.57 	 0 	 1.33 	 2.60805002757908 	 2.60805002757908 	 0 
 263.362458 	 1.57 	 0 	 1.33 	 2.61324101714745 	 2.61324101714745 	-4.44089209850063E-16 
 263.786665 	 1.57 	 0 	 1.33 	 2.61286685272639 	 2.61286685272639 	 0 
 264.211555 	 1.57 	 0 	 1.33 	 2.6067638191497 	 2.6067638191497 	 0 
 264.637129 	 1.57 	 0 	 1.33 	 2.59616362117968 	 2.59616362117968 	 0 
 265.063389 	 1.57 	 0 	 1.33 	 2.58377590082597 	 2.58377590082597 	 0 
 265.490336 	 1.57 	 0 	 1.33 	 2.57276850943625 	 2.57276850943625 	 0 
 265.91797 	 1.57 	 0 	 1.33 	 2.56554190041676 	 2.56554190041676 	 0 
 266.346293 	 1.57 	 0 	 1.33 	 2.56324160688849 	 2.56324160688849 	 0 
 266.775306 	 1.57 	 0 	 1.33 	 2.56597758731367 	 2.56597758731367 	 0 
 267.20501 	 1.57 	 0 	 1.33 	 2.57324777226018 	 2.57324777226018 	 0 
 267.635406 	 1.57 	 0 	 1.33 	 2.58424938039703 	 2.58424938039703 	 0 
 268.066495 	 1.57 	 0 	 1.33 	 2.59802579816847 	 2.59802579816847 	 8.88178419700125E-16 
 268.498279 	 1.57 	 0 	 1.33 	 2.61351001278398 	 2.61351001278398 	 4.44089209850063E-16 
 268.930758 	 1.57 	 0 	 1.33 	 2.62954020814003 	 2.62954020814003 	 0 
 269.363934 	 1.57 	 0 	 1.33 	 2.64490257806983 	 2.64490257806983 	 0 
 269.797808 	 1.57 	 0 	 1.33 	 2.65841455430305 	 2.65841455430305 	 0 
 270.23238 	 1.57 	 0 	 1.33 	 2.66900551387263 	 2.66900551387263 	 0 
 270.667653 	 1.57 	 0 	 1.33 	 2.67573336936987 	 2.67573336936987 	 1.33226762955019E-15 
 271.103626 	 1.57 	 0 	 1.33 	 2.67777047954441 	 2.67777047954441 	 0 
 271.540302 	 1.57 	 0 	 1.33 	 2.67455223717366 	 2.67455223717366 	 0 
 271.977681 	 1.57 	 0 	 1.33 	 2.66622946181773 	 2.66622946181773 	 0 
 272.415765 	 1.57 	 0 	 1.33 	 2.65413395244292 	 2.65413395244292 	 0 
 272.854554 	 1.57 	 0 	 1.33 	 2.64066308645389 	 2.64066308645389 	 0 
 273.29405 	 1.57 	 0 	 1.33 	 2.62847289766609 	 2.62847289766609 	 0 
 273.734254 	 1.57 	 0 	 1.33 	 2.61960231866581 	 2.61960231866581 	 0 
 274.175167 	 1.57 	 0 	 1.33 	 2.6151044048284 	 2.6151044048284 	 0 
 274.61679 	 1.57 	 0 	 1.33 	 2.61517228271065 	 2.61517228271065 	 0 
 275.059125 	 1.57 	 0 	 1.33 	 2.61944264852592 	 2.61944264852592 	 4.44089209850063E-16 
 275.502172 	 1.57 	 0 	 1.33 	 2.62724781941595 	 2.62724781941595 	 0 
 275.945932 	 1.57 	 0 	 1.33 	 2.63775608733969 	 2.63775608733969 	 0 
 276.390408 	 1.57 	 0 	 1.33 	 2.65002943609394 	 2.65002943609394 	 0 
 276.835599 	 1.57 	 0 	 1.33 	 2.66304797680032 	 2.66304797680032 	 0 
 277.281508 	 1.57 	 0 	 1.33 	 2.6757403483155 	 2.6757403483155 	-4.44089209850063E-16 
 277.728134 	 1.57 	 0 	 1.33 	 2.68703514769238 	 2.68703514769238 	-4.44089209850063E-16 
 278.17548 	 1.57 	 0 	 1.33 	 2.69591806482042 	 2.69591806482042 	 0 
 278.623547 	 1.57 	 0 	 1.33 	 2.70146671565094 	 2.70146671565094 	 0 
 279.072335 	 1.57 	 0 	 1.33 	 2.7028758648877 	 2.7028758648877 	 0 
 279.521847 	 1.57 	 0 	 1.33 	 2.69956636584032 	 2.69956636584032 	 0 
 279.972082 	 1.57 	 0 	 1.33 	 2.69146971050552 	 2.69146971050552 	 4.44089209850063E-16 
 280.423042 	 1.57 	 0 	 1.33 	 2.67937801956016 	 2.67937801956016 	 0 
 280.874729 	 1.57 	 0 	 1.33 	 2.66501488804873 	 2.66501488804873 	 0 
 281.327144 	 1.57 	 0 	 1.33 	 2.65060979815741 	 2.65060979815741 	 0 
 281.780287 	 1.57 	 0 	 1.33 	 2.63821551786313 	 2.63821551786313 	 0 
 282.23416 	 1.57 	 0 	 1.33 	 2.62921795923189 	 2.62921795923189 	 0 
 282.688764 	 1.57 	 0 	 1.33 	 2.62423208784458 	 2.62423208784458 	 0 
 283.1441 	 1.57 	 0 	 1.33 	 2.6232595375391 	 2.6232595375391 	 4.44089209850063E-16 
 283.60017 	 1.57 	 0 	 1.33 	 2.62590754413181 	 2.62590754413181 	 0 
 284.056974 	 1.57 	 0 	 1.33 	 2.63155595236085 	 2.63155595236085 	-8.88178419700125E-16 
 284.514514 	 1.57 	 0 	 1.33 	 2.63945134232632 	 2.63945134232632 	 0 
 284.972791 	 1.57 	 0 	 1.33 	 2.64875103791804 	 2.64875103791804 	 0 
 285.431807 	 1.57 	 0 	 1.33 	 2.65854779428199 	 2.65854779428199 	 0 
 285.891561 	 1.57 	 0 	 1.33 	 2.66789741638034 	 2.66789741638034 	 0 
 286.352057 	 1.57 	 0 	 1.33 	 2.67585597189385 	 2.67585597189385 	 0 
 286.813294 	 1.57 	 0 	 1.33 	 2.68151884403188 	 2.68151884403188 	-4.44089209850063E-16 
 287.275273 	 1.57 	 0 	 1.33 	 2.68405552931282 	 2.68405552931282 	 0 
 287.737997 	 1.57 	 0 	 1.33 	 2.6827632464687 	 2.6827632464687 	 0 
 288.201467 	 1.57 	 0 	 1.33 	 2.67719563797809 	 2.67719563797809 	 0 
 288.665683 	 1.57 	 0 	 1.33 	 2.66739133549288 	 2.66739133549288 	 0 
 289.130646 	 1.57 	 0 	 1.33 	 2.654096882619 	 2.654096882619 	 4.44089209850063E-16 
 289.596359 	 1.57 	 0 	 1.33 	 2.63877066091835 	 2.63877066091835 	 0 
 290.062821 	 1.57 	 0 	 1.33 	 2.62325954720393 	 2.62325954720393 	 0 
 290.530035 	 1.57 	 0 	 1.33 	 2.6093059216579 	 2.6093059216579 	 0 
 290.998002 	 1.57 	 0 	 1.33 	 2.59816708658007 	 2.59816708658007 	 0 
 291.466722 	 1.57 	 0 	 1.33 	 2.59049208822968 	 2.59049208822968 	 0 
 291.936197 	 1.57 	 0 	 1.33 	 2.58640231228554 	 2.58640231228553 	 4.44089209850063E-16 
 292.406429 	 1.57 	 0 	 1.33 	 2.58564743757168 	 2.58564743757168 	 4.44089209850063E-16 
 292.877418 	 1.57 	 0 	 1.33 	 2.5877451187591 	 2.5877451187591 	 8.88178419700125E-16 
 293.349165 	 1.57 	 0 	 1.33 	 2.5920731169291 	 2.5920731169291 	 0 
 293.821673 	 1.57 	 0 	 1.33 	 2.59791996137199 	 2.59791996137199 	 0 
 294.294941 	 1.57 	 0 	 1.33 	 2.60451265943115 	 2.60451265943115 	 0 
 294.768972 	 1.57 	 0 	 1.33 	 2.61103829681465 	 2.61103829681465 	 4.44089209850063E-16 
 295.243766 	 1.57 	 0 	 1.33 	 2.61666871314561 	 2.61666871314561 	 0 
 295.719325 	 1.57 	 0 	 1.33 	 2.62058940927031 	 2.62058940927031 	 8.88178419700125E-16 
 296.19565 	 1.57 	 0 	 1.33 	 2.62203222450687 	 2.62203222450687 	 0 
 296.672743 	 1.57 	 0 	 1.33 	 2.62032191858478 	 2.62032191858478 	 0 
 297.150604 	 1.57 	 0 	 1.33 	 2.61496299017017 	 2.61496299017017 	-8.88178419700125E-16 
 297.629234 	 1.57 	 0 	 1.33 	 2.60578691838891 	 2.60578691838891 	 0 
 298.108636 	 1.57 	 0 	 1.33 	 2.59312421282764 	 2.59312421282764 	 8.88178419700125E-16 
 298.588809 	 1.57 	 0 	 1.33 	 2.57788933699517 	 2.57788933699517 	 0 
 299.069756 	 1.57 	 0 	 1.33 	 2.56146539341873 	 2.56146539341873 	 0 
 299.551478 	 1.57 	 0 	 1.33 	 2.54539739059413 	 2.54539739059413 	 0 
 300.033976 	 1.57 	 0 	 1.33 	 2.53104268195514 	 2.53104268195514 	 0 
 300.517251 	 1.57 	 0 	 1.33 	 2.51934055355591 	 2.51934055355591 	 4.44089209850063E-16 
 301.001304 	 1.57 	 0 	 1.33 	 2.51075605404375 	 2.51075605404375 	 0 
 301.486137 	 1.57 	 0 	 1.33 	 2.50534817293679 	 2.50534817293679 	 0 
 301.971751 	 1.57 	 0 	 1.33 	 2.50288228949977 	 2.50288228949977 	 0 
 302.458147 	 1.57 	 0 	 1.33 	 2.50293182625722 	 2.50293182625722 	 4.44089209850063E-16 
 302.945326 	 1.57 	 0 	 1.33 	 2.50494921546944 	 2.50494921546944 	-4.44089209850063E-16 
 303.433291 	 1.57 	 0 	 1.33 	 2.50830875299581 	 2.50830875299581 	 0 
 303.922041 	 1.57 	 0 	 1.33 	 2.51233224984408 	 2.51233224984408 	 0 
 304.411578 	 1.57 	 0 	 1.33 	 2.51630816440548 	 2.51630816440548 	 0 
 304.901904 	 1.57 	 0 	 1.33 	 2.51951108977087 	 2.51951108977087 	 0 
 305.39302 	 1.57 	 0 	 1.33 	 2.52122482360223 	 2.52122482360223 	 0 
 305.884927 	 1.57 	 0 	 1.33 	 2.5207722226775 	 2.5207722226775 	 0 
 306.377626 	 1.57 	 0 	 1.33 	 2.51756030007604 	 2.51756030007604 	-4.44089209850063E-16 
 306.871119 	 1.57 	 0 	 1.33 	 2.51115467744239 	 2.51115467744239 	 0 
 307.365407 	 1.57 	 0 	 1.33 	 2.5013899322096 	 2.5013899322096 	 0 
 307.86049 	 1.57 	 0 	 1.33 	 2.48849046151339 	 2.48849046151339 	 0 
 308.356372 	 1.57 	 0 	 1.33 	 2.47313547594237 	 2.47313547594237 	 0 
 308.853052 	 1.57 	 0 	 1.33 	 2.45639751951702 	 2.45639751951702 	 0 
 309.350532 	 1.57 	 0 	 1.33 	 2.43954534218026 	 2.43954534218026 	 0 
 309.848813 	 1.57 	 0 	 1.33 	 2.42378753090316 	 2.42378753090316 	 0 
 310.347897 	 1.57 	 0 	 1.33 	 2.4100648260338 	 2.4100648260338 	 0 
 310.847785 	 1.57 	 0 	 1.33 	 2.39895410537029 	 2.39895410537029 	 0 
 311.348478 	 1.57 	 0 	 1.33 	 2.39067727773521 	 2.39067727773521 	-4.44089209850063E-16 
 311.849977 	 1.57 	 0 	 1.33 	 2.38516897797015 	 2.38516897797015 	 0 
 312.352285 	 1.57 	 0 	 1.33 	 2.38215745913116 	 2.38215745913116 	 0 
 312.855401 	 1.57 	 0 	 1.33 	 2.38123253352669 	 2.38123253352669 	 0 
 313.359328 	 1.57 	 0 	 1.33 	 2.38189312157679 	 2.38189312157679 	 0 
 313.864066 	 1.57 	 0 	 1.33 	 2.38357767275886 	 2.38357767275886 	-4.44089209850063E-16 
 314.369618 	 1.57 	 0 	 1.33 	 2.38568431821491 	 2.38568431821491 	 0 
 314.875983 	 1.57 	 0 	 1.33 	 2.387587173927 	 2.387587173927 	 0 
 315.383165 	 1.57 	 0 	 1.33 	 2.38865343664725 	 2.38865343664725 	 4.44089209850063E-16 
 315.891163 	 1.57 	 0 	 1.33 	 2.38826487585132 	 2.38826487585132 	 4.44089209850063E-16 
 316.39998 	 1.57 	 0 	 1.33 	 2.38584832928438 	 2.38584832928438 	 0 
 316.909616 	 1.57 	 0 	 1.33 	 2.38092212726439 	 2.38092212726439 	 4.44089209850063E-16 
 317.420073 	 1.57 	 0 	 1.33 	 2.37316462715818 	 2.37316462715818 	-4.44089209850063E-16 
 317.931352 	 1.57 	 0 	 1.33 	 2.36250065060425 	 2.36250065060425 	 0 
 318.443455 	 1.57 	 0 	 1.33 	 2.34918043234165 	 2.34918043234165 	 0 
 318.956382 	 1.57 	 0 	 1.33 	 2.33380702788679 	 2.33380702788679 	 4.44089209850063E-16 
 319.470136 	 1.57 	 0 	 1.33 	 2.3172749320436 	 2.3172749320436 	 0 
 319.984718 	 1.57 	 0 	 1.33 	 2.30062260269897 	 2.30062260269897 	 0 
 320.500128 	 1.57 	 0 	 1.33 	 2.28484884122768 	 2.28484884122768 	 4.44089209850063E-16 
 321.016368 	 1.57 	 0 	 1.33 	 2.2707593535951 	 2.2707593535951 	 0 
 321.53344 	 1.57 	 0 	 1.33 	 2.25888524792092 	 2.25888524792092 	 0 
 322.051345 	 1.57 	 0 	 1.33 	 2.2494748174525 	 2.2494748174525 	 0 
 322.570084 	 1.57 	 0 	 1.33 	 2.24253308131361 	 2.24253308131361 	 0 
 323.089658 	 1.57 	 0 	 1.33 	 2.23787902484331 	 2.23787902484331 	 0 
 323.61007 	 1.57 	 0 	 1.33 	 2.23519974528828 	 2.23519974528828 	 0 
 324.131319 	 1.57 	 0 	 1.33 	 2.23409250360592 	 2.23409250360592 	 0 
 324.653409 	 1.57 	 0 	 1.33 	 2.23409404541344 	 2.23409404541344 	 4.44089209850063E-16 
 325.176339 	 1.57 	 0 	 1.33 	 2.23470057790396 	 2.23470057790396 	 4.44089209850063E-16 
 325.700111 	 1.57 	 0 	 1.33 	 2.23538279219959 	 2.23538279219959 	 0 
 326.224727 	 1.57 	 0 	 1.33 	 2.23559992614486 	 2.23559992614486 	 8.88178419700125E-16 
 326.750189 	 1.57 	 0 	 1.33 	 2.23481635490051 	 2.23481635490051 	 0 
 327.276496 	 1.57 	 0 	 1.33 	 2.23252432653972 	 2.23252432653972 	 4.44089209850063E-16 
 327.803652 	 1.57 	 0 	 1.33 	 2.2282770430054 	 2.2282770430054 	 0 
 328.331656 	 1.57 	 0 	 1.33 	 2.22173565564445 	 2.22173565564445 	 0 
 328.860511 	 1.57 	 0 	 1.33 	 2.2127290712749 	 2.2127290712749 	 0 
 329.390218 	 1.57 	 0 	 1.33 	 2.20131526607887 	 2.20131526607887 	 0 
 329.920777 	 1.57 	 0 	 1.33 	 2.1878209368742 	 2.1878209368742 	 0 
 330.452192 	 1.57 	 0 	 1.33 	 2.17283277940866 	 2.17283277940866 	 0 
 330.984462 	 1.57 	 0 	 1.33 	 2.15712722538045 	 2.15712722538045 	 4.44089209850063E-16 
 331.51759 	 1.57 	 0 	 1.33 	 2.14155229007172 	 2.14155229007172 	 0 
 332.051577 	 1.57 	 0 	 1.33 	 2.12689789056551 	 2.12689789056551 	 4.44089209850063E-16 
 332.586424 	 1.57 	 0 	 1.33 	 2.11379354136369 	 2.11379354136369 	 0 
 333.122132 	 1.57 	 0 	 1.33 	 2.10265505267234 	 2.10265505267234 	 0 
 333.658703 	 1.57 	 0 	 1.33 	 2.09367908006998 	 2.09367908006998 	 0 
 334.196138 	 1.57 	 0 	 1.33 	 2.08686977034854 	 2.08686977034854 	 0 
 334.734439 	 1.57 	 0 	 1.33 	 2.08207899173326 	 2.08207899173326 	 0 
 335.273607 	 1.57 	 0 	 1.33 	 2.07904650730949 	 2.07904650730949 	 0 
 335.813644 	 1.57 	 0 	 1.33 	 2.07743325408122 	 2.07743325408122 	 4.44089209850063E-16 
 336.35455 	 1.57 	 0 	 1.33 	 2.07684622940244 	 2.07684622940244 	 0 
 336.896328 	 1.57 	 0 	 1.33 	 2.07685650008994 	 2.07685650008994 	 0 
 337.438978 	 1.57 	 0 	 1.33 	 2.07701303186736 	 2.07701303186736 	-4.44089209850063E-16 
 337.982502 	 1.57 	 0 	 1.33 	 2.07685522985754 	 2.07685522985754 	 0 
 338.526902 	 1.57 	 0 	 1.33 	 2.07592699213057 	 2.07592699213057 	 0 
 339.072179 	 1.57 	 0 	 1.33 	 2.07379508211342 	 2.07379508211342 	 0 
 339.618334 	 1.57 	 0 	 1.33 	 2.07007458834363 	 2.07007458834363 	-4.44089209850063E-16 
 340.165369 	 1.57 	 0 	 1.33 	 2.06446337674986 	 2.06446337674986 	 0 
 340.713284 	 1.57 	 0 	 1.33 	 2.05678454792622 	 2.05678454792622 	 4.44089209850063E-16 
 341.262083 	 1.57 	 0 	 1.33 	 2.0470303987791 	 2.0470303987791 	 0 
 341.811765 	 1.57 	 0 	 1.33 	 2.03539486259997 	 2.03539486259997 	 0 
 342.362333 	 1.57 	 0 	 1.33 	 2.02227823408431 	 2.02227823408431 	 0 
 342.913788 	 1.57 	 0 	 1.33 	 2.00825287728758 	 2.00825287728758 	 0 
 343.46613 	 1.57 	 0 	 1.33 	 1.99399183535723 	 1.99399183535723 	 0 
 344.019363 	 1.57 	 0 	 1.33 	 1.98017728005724 	 1.98017728005723 	 4.44089209850063E-16 
 344.573486 	 1.57 	 0 	 1.33 	 1.9674133520139 	 1.9674133520139 	 0 
 345.128503 	 1.57 	 0 	 1.33 	 1.95616386509444 	 1.95616386509444 	 0 
 345.684413 	 1.57 	 0 	 1.33 	 1.94672338807649 	 1.94672338807649 	 0 
 346.241218 	 1.57 	 0 	 1.33 	 1.93921812858483 	 1.93921812858483 	 0 
 346.798921 	 1.57 	 0 	 1.33 	 1.93362628698196 	 1.93362628698196 	-4.44089209850063E-16 
 347.357521 	 1.57 	 0 	 1.33 	 1.92980681644875 	 1.92980681644875 	-2.22044604925031E-16 
 347.917022 	 1.57 	 0 	 1.33 	 1.9275284461771 	 1.9275284461771 	-2.22044604925031E-16 
 348.477424 	 1.57 	 0 	 1.33 	 1.92649466312798 	 1.92649466312798 	 0 
 349.038728 	 1.57 	 0 	 1.33 	 1.92636346267026 	 1.92636346267026 	 0 
 349.600936 	 1.57 	 0 	 1.33 	 1.92676259621941 	 1.92676259621941 	-2.22044604925031E-16 
 350.16405 	 1.57 	 0 	 1.33 	 1.92730196199766 	 1.92730196199766 	-4.44089209850063E-16 
 350.728071 	 1.57 	 0 	 1.33 	 1.92758510570755 	 1.92758510570755 	 0 
 351.293001 	 1.57 	 0 	 1.33 	 1.92722186262732 	 1.92722186262732 	 0 
 351.85884 	 1.57 	 0 	 1.33 	 1.92584413012277 	 1.92584413012277 	 4.44089209850063E-16 
 352.425591 	 1.57 	 0 	 1.33 	 1.92312648929839 	 1.92312648929839 	 0 
 352.993255 	 1.57 	 0 	 1.33 	 1.91881250098356 	 1.91881250098356 	 0 
 353.561833 	 1.57 	 0 	 1.33 	 1.91274549969456 	 1.91274549969456 	 4.44089209850063E-16 
 354.131327 	 1.57 	 0 	 1.33 	 1.90489950680569 	 1.90489950680569 	 0 
 354.701739 	 1.57 	 0 	 1.33 	 1.89540239235669 	 1.89540239235669 	 0 
 355.273069 	 1.57 	 0 	 1.33 	 1.88454169365451 	 1.88454169365451 	 0 
 355.845319 	 1.57 	 0 	 1.33 	 1.87274575996645 	 1.87274575996645 	-4.44089209850063E-16 
 356.418491 	 1.57 	 0 	 1.33 	 1.86053957822723 	 1.86053957822723 	 0 
 356.992586 	 1.57 	 0 	 1.33 	 1.84848318299228 	 1.84848318299228 	-2.22044604925031E-16 
 357.567606 	 1.57 	 0 	 1.33 	 1.83710655772605 	 1.83710655772605 	 0 
 358.143553 	 1.57 	 0 	 1.33 	 1.82685522352621 	 1.82685522352621 	-4.44089209850063E-16 
 358.720426 	 1.57 	 0 	 1.33 	 1.81805562228468 	 1.81805562228468 	 0 
 359.29823 	 1.57 	 0 	 1.33 	 1.81090217131708 	 1.81090217131708 	 0 
 359.876963 	 1.57 	 0 	 1.33 	 1.8054620359043 	 1.8054620359043 	 0 
 360.456629 	 1.57 	 0 	 1.33 	 1.8016909920077 	 1.8016909920077 	 2.22044604925031E-16 
 361.037229 	 1.57 	 0 	 1.33 	 1.79945396237788 	 1.79945396237788 	 0 
 361.618764 	 1.57 	 0 	 1.33 	 1.79854561309021 	 1.79854561309021 	-4.44089209850063E-16 
 362.201235 	 1.57 	 0 	 1.33 	 1.7987085385903 	 1.7987085385903 	 0 
 362.784645 	 1.57 	 0 	 1.33 	 1.79964831235121 	 1.79964831235121 	 0 
 363.368995 	 1.57 	 0 	 1.33 	 1.80104582146262 	 1.80104582146262 	-2.22044604925031E-16 
 363.954285 	 1.57 	 0 	 1.33 	 1.80256792030748 	 1.80256792030748 	 0 
 364.540519 	 1.57 	 0 	 1.33 	 1.80387770928608 	 1.80387770928608 	 2.22044604925031E-16 
 365.127696 	 1.57 	 0 	 1.33 	 1.80464581297253 	 1.80464581297253 	 0 
 365.71582 	 1.57 	 0 	 1.33 	 1.80456393893569 	 1.80456393893569 	 0 
 366.304891 	 1.57 	 0 	 1.33 	 1.80336165686312 	 1.80336165686312 	 0 
 366.89491 	 1.57 	 0 	 1.33 	 1.80082656397731 	 1.80082656397731 	 0 
 367.48588 	 1.57 	 0 	 1.33 	 1.79682663920563 	 1.79682663920563 	 0 
 368.077802 	 1.57 	 0 	 1.33 	 1.79133172369257 	 1.79133172369257 	 0 
 368.670678 	 1.57 	 0 	 1.33 	 1.7844292508525 	 1.7844292508525 	-4.44089209850063E-16 
 369.264508 	 1.57 	 0 	 1.33 	 1.77632858358988 	 1.77632858358988 	 4.44089209850063E-16 
 369.859295 	 1.57 	 0 	 1.33 	 1.76734958886394 	 1.76734958886394 	-4.44089209850063E-16 
 370.45504 	 1.57 	 0 	 1.33 	 1.75789459801636 	 1.75789459801636 	 0 
 371.051744 	 1.57 	 0 	 1.33 	 1.74840757670146 	 1.74840757670146 	 0 
 371.64941 	 1.57 	 0 	 1.33 	 1.73932814007684 	 1.73932814007684 	-2.22044604925031E-16 
 372.248038 	 1.57 	 0 	 1.33 	 1.73104923189071 	 1.73104923189071 	-4.44089209850063E-16 
 372.84763 	 1.57 	 0 	 1.33 	 1.72388545321075 	 1.72388545321075 	 2.22044604925031E-16 
 373.448189 	 1.57 	 0 	 1.33 	 1.71805530875951 	 1.71805530875951 	 0 
 374.049714 	 1.57 	 0 	 1.33 	 1.71367681539419 	 1.71367681539419 	 0 
 374.652209 	 1.57 	 0 	 1.33 	 1.71077334210369 	 1.71077334210369 	 0 
 375.255674 	 1.57 	 0 	 1.33 	 1.70928564139967 	 1.70928564139967 	 0 
 375.860111 	 1.57 	 0 	 1.33 	 1.70908643744026 	 1.70908643744026 	 0 
 376.465521 	 1.57 	 0 	 1.33 	 1.70999500922884 	 1.70999500922884 	 0 
 377.071907 	 1.57 	 0 	 1.33 	 1.71179038846842 	 1.71179038846842 	 2.22044604925031E-16 
 377.679269 	 1.57 	 0 	 1.33 	 1.71422276385533 	 1.71422276385533 	 0 
 378.28761 	 1.57 	 0 	 1.33 	 1.71702334900406 	 1.71702334900406 	-2.22044604925031E-16 
 378.896931 	 1.57 	 0 	 1.33 	 1.71991336022794 	 1.71991336022794 	 0 
 379.507233 	 1.57 	 0 	 1.33 	 1.72261293396788 	 1.72261293396788 	 0 
 380.118518 	 1.57 	 0 	 1.33 	 1.72485084431857 	 1.72485084431857 	 0 
 380.730788 	 1.57 	 0 	 1.33 	 1.72637576323795 	 1.72637576323795 	 0 
 381.344044 	 1.57 	 0 	 1.33 	 1.72696949288081 	 1.72696949288081 	 0 
 381.958287 	 1.57 	 0 	 1.33 	 1.72646202193046 	 1.72646202193046 	-2.22044604925031E-16 
 382.573521 	 1.57 	 0 	 1.33 	 1.72474739079965 	 1.72474739079965 	 0 
 383.189745 	 1.57 	 0 	 1.33 	 1.72179830509912 	 1.72179830509912 	 0 
 383.806961 	 1.57 	 0 	 1.33 	 1.71767652609257 	 1.71767652609257 	-4.44089209850063E-16 
 384.425172 	 1.57 	 0 	 1.33 	 1.71253576484877 	 1.71253576484877 	 0 
 385.044379 	 1.57 	 0 	 1.33 	 1.70661454358483 	 1.70661454358483 	 2.22044604925031E-16 
 385.664583 	 1.57 	 0 	 1.33 	 1.7002183446772 	 1.7002183446772 	 2.22044604925031E-16 
 386.285786 	 1.57 	 0 	 1.33 	 1.69369287556316 	 1.69369287556316 	 0 
 386.907989 	 1.57 	 0 	 1.33 	 1.68739253178988 	 1.68739253178988 	 0 
 387.531195 	 1.57 	 0 	 1.33 	 1.68164924372651 	 1.68164924372651 	 0 
 388.155404 	 1.57 	 0 	 1.33 	 1.67674644935955 	 1.67674644935955 	-2.22044604925031E-16 
 388.78062 	 1.57 	 0 	 1.33 	 1.67290124489931 	 1.67290124489931 	 0 
 389.406842 	 1.57 	 0 	 1.33 	 1.67025559192552 	 1.67025559192552 	 0 
 390.034072 	 1.57 	 0 	 1.33 	 1.66887559124834 	 1.66887559124834 	 0 
 390.662313 	 1.57 	 0 	 1.33 	 1.66875673107051 	 1.66875673107051 	-2.22044604925031E-16 
 391.291566 	 1.57 	 0 	 1.33 	 1.66983273455063 	 1.66983273455063 	 0 
 391.921833 	 1.57 	 0 	 1.33 	 1.67198594748127 	 1.67198594748127 	 0 
 392.553115 	 1.57 	 0 	 1.33 	 1.67505781511017 	 1.67505781511017 	 2.22044604925031E-16 
 393.185413 	 1.57 	 0 	 1.33 	 1.67885864738406 	 1.67885864738406 	 0 
 393.81873 	 1.57 	 0 	 1.33 	 1.6831764188269 	 1.6831764188269 	-4.44089209850063E-16 
 394.453067 	 1.57 	 0 	 1.33 	 1.68778474116582 	 1.68778474116582 	 2.22044604925031E-16 
 395.088426 	 1.57 	 0 	 1.33 	 1.69245038813125 	 1.69245038813125 	 0 
 395.724808 	 1.57 	 0 	 1.33 	 1.69694086621602 	 1.69694086621602 	 2.22044604925031E-16 
 396.362216 	 1.57 	 0 	 1.33 	 1.70103252978133 	 1.70103252978133 	-4.44089209850063E-16 
 397.00065 	 1.57 	 0 	 1.33 	 1.70451963255624 	 1.70451963255624 	 0 
 397.640112 	 1.57 	 0 	 1.33 	 1.70722447279511 	 1.70722447279511 	 0 
 398.280604 	 1.57 	 0 	 1.33 	 1.70900840918429 	 1.70900840918429 	 0 
 398.922128 	 1.57 	 0 	 1.33 	 1.70978301287092 	 1.70978301287092 	 0 
 399.564686 	 1.57 	 0 	 1.33 	 1.70952005669851 	 1.70952005669851 	 0 
 400.208278 	 1.57 	 0 	 1.33 	 1.7082585873399 	 1.7082585873399 	 0 
 400.852907 	 1.57 	 0 	 1.33 	 1.70610719665632 	 1.70610719665632 	 0 
 401.498574 	 1.57 	 0 	 1.33 	 1.70323999356204 	 1.70323999356204 	 0 
 402.145282 	 1.57 	 0 	 1.33 	 1.69988571904554 	 1.69988571904554 	 0 
 402.793031 	 1.57 	 0 	 1.33 	 1.69631075872145 	 1.69631075872145 	 0 
 403.441823 	 1.57 	 0 	 1.33 	 1.6927981024383 	 1.6927981024383 	 0 
 404.09166 	 1.57 	 0 	 1.33 	 1.68962514405907 	 1.68962514405907 	-4.44089209850063E-16 
 404.742544 	 1.57 	 0 	 1.33 	 1.68704332649732 	 1.68704332649732 	 0 
 405.394477 	 1.57 	 0 	 1.33 	 1.68526202188307 	 1.68526202188307 	 0 
 406.047459 	 1.57 	 0 	 1.33 	 1.68443796114373 	 1.68443796114373 	 0 
 406.701494 	 1.57 	 0 	 1.33 	 1.68467037234929 	 1.68467037234929 	 4.44089209850063E-16 
 407.356582 	 1.57 	 0 	 1.33 	 1.68600107536958 	 1.68600107536958 	 0 
 408.012725 	 1.57 	 0 	 1.33 	 1.68841827246247 	 1.68841827246247 	 0 
 408.669925 	 1.57 	 0 	 1.33 	 1.69186266474445 	 1.69186266474445 	 0 
 409.328183 	 1.57 	 0 	 1.33 	 1.69623470258567 	 1.69623470258567 	 0 
 409.987502 	 1.57 	 0 	 1.33 	 1.70140210353942 	 1.70140210353942 	-2.22044604925031E-16 
 410.647882 	 1.57 	 0 	 1.33 	 1.70720712711722 	 1.70720712711722 	 0 
 411.309327 	 1.57 	 0 	 1.33 	 1.71347340790954 	 1.71347340790954 	 0 
 411.971837 	 1.57 	 0 	 1.33 	 1.72001238421246 	 1.72001238421246 	 0 
 412.635414 	 1.57 	 0 	 1.33 	 1.72662951198142 	 1.72662951198142 	 4.44089209850063E-16 
 413.300059 	 1.57 	 0 	 1.33 	 1.73313052850527 	 1.73313052850527 	 0 
 413.965776 	 1.57 	 0 	 1.33 	 1.73932803184727 	 1.73932803184727 	 0 
 414.632564 	 1.57 	 0 	 1.33 	 1.74504857111364 	 1.74504857111364 	 0 
 415.300427 	 1.57 	 0 	 1.33 	 1.75014029559975 	 1.75014029559975 	 0 
 415.969365 	 1.57 	 0 	 1.33 	 1.75448098813406 	 1.75448098813406 	-2.22044604925031E-16 
 416.639381 	 1.57 	 0 	 1.33 	 1.75798602532863 	 1.75798602532863 	 0 
 417.310476 	 1.57 	 0 	 1.33 	 1.76061550836615 	 1.76061550836615 	 0 
 417.982652 	 1.57 	 0 	 1.33 	 1.76237956807609 	 1.76237956807609 	 0 
 418.655911 	 1.57 	 0 	 1.33 	 1.76334076400641 	 1.76334076400641 	 0 
 419.330254 	 1.57 	 0 	 1.33 	 1.76361265530851 	 1.76361265530851 	 0 
 420.005684 	 1.57 	 0 	 1.33 	 1.76335405375739 	 1.76335405375739 	 0 
 420.682201 	 1.57 	 0 	 1.33 	 1.7627591186932 	 1.7627591186932 	 0 
 421.359808 	 1.57 	 0 	 1.33 	 1.7620441708877 	 1.7620441708877 	 0 
 422.038507 	 1.57 	 0 	 1.33 	 1.76143269003912 	 1.76143269003912 	 0 
 422.718298 	 1.57 	 0 	 1.33 	 1.7611402485378 	 1.7611402485378 	 0 
 423.399185 	 1.57 	 0 	 1.33 	 1.76136104837065 	 1.76136104837065 	 0 
 424.081168 	 1.57 	 0 	 1.33 	 1.76225731715519 	 1.76225731715519 	 0 
 424.76425 	 1.57 	 0 	 1.33 	 1.7639522257106 	 1.7639522257106 	 2.22044604925031E-16 
 425.448432 	 1.57 	 0 	 1.33 	 1.76652638543576 	 1.76652638543576 	 0 
 426.133716 	 1.57 	 0 	 1.33 	 1.77001750744852 	 1.77001750744852 	 2.22044604925031E-16 
 426.820104 	 1.57 	 0 	 1.33 	 1.77442252634821 	 1.77442252634821 	 2.22044604925031E-16 
 427.507598 	 1.57 	 0 	 1.33 	 1.77970140973023 	 1.77970140973023 	 2.22044604925031E-16 
 428.196199 	 1.57 	 0 	 1.33 	 1.78578194420665 	 1.78578194420665 	 0 
 428.885909 	 1.57 	 0 	 1.33 	 1.79256494668582 	 1.79256494668582 	 2.22044604925031E-16 
 429.57673 	 1.57 	 0 	 1.33 	 1.79992953847635 	 1.79992953847635 	-4.44089209850063E-16 
 430.268664 	 1.57 	 0 	 1.33 	 1.80773829830603 	 1.80773829830603 	 0 
 430.961712 	 1.57 	 0 	 1.33 	 1.81584225527552 	 1.81584225527552 	 0 
 431.655877 	 1.57 	 0 	 1.33 	 1.82408578435283 	 1.82408578435283 	 0 
 432.351159 	 1.57 	 0 	 1.33 	 1.83231152322638 	 1.83231152322638 	 0 
 433.047562 	 1.57 	 0 	 1.33 	 1.84036544092677 	 1.84036544092677 	 2.22044604925031E-16 
 433.745086 	 1.57 	 0 	 1.33 	 1.8481021564176 	 1.8481021564176 	 0 
 434.443734 	 1.57 	 0 	 1.33 	 1.85539053009303 	 1.85539053009303 	 4.44089209850063E-16 
 435.143507 	 1.57 	 0 	 1.33 	 1.86211943580872 	 1.86211943580872 	 0 
 435.844408 	 1.57 	 0 	 1.33 	 1.86820347501235 	 1.86820347501235 	 0 
 436.546437 	 1.57 	 0 	 1.33 	 1.87358823751697 	 1.87358823751697 	 0 
 437.249597 	 1.57 	 0 	 1.33 	 1.87825457767956 	 1.87825457767956 	 4.44089209850063E-16 
 437.95389 	 1.57 	 0 	 1.33 	 1.88222130172299 	 1.88222130172299 	 0 
 438.659317 	 1.57 	 0 	 1.33 	 1.88554569269888 	 1.88554569269888 	 0 
 439.36588 	 1.57 	 0 	 1.33 	 1.88832145944269 	 1.88832145944269 	 0 
 440.073582 	 1.57 	 0 	 1.33 	 1.89067397900995 	 1.89067397900995 	 0 
 440.782423 	 1.57 	 0 	 1.33 	 1.89275306390853 	 1.89275306390853 	 6.66133814775094E-16 
 441.492406 	 1.57 	 0 	 1.33 	 1.89472384933177 	 1.89472384933177 	 0 
 442.203533 	 1.57 	 0 	 1.33 	 1.89675667460052 	 1.89675667460052 	 0 
 442.915805 	 1.57 	 0 	 1.33 	 1.89901695889665 	 1.89901695889665 	 0 
 443.629224 	 1.57 	 0 	 1.33 	 1.90165601818304 	 1.90165601818304 	 6.66133814775094E-16 
 444.343793 	 1.57 	 0 	 1.33 	 1.90480356165315 	 1.90480356165315 	 0 
 445.059512 	 1.57 	 0 	 1.33 	 1.90856230389694 	 1.90856230389694 	 0 
 445.776385 	 1.57 	 0 	 1.33 	 1.91300480925413 	 1.91300480925413 	 0 
 446.494412 	 1.57 	 0 	 1.33 	 1.91817241332792 	 1.91817241332792 	 0 
 447.213595 	 1.57 	 0 	 1.33 	 1.92407588309243 	 1.92407588309243 	 2.22044604925031E-16 
 447.933938 	 1.57 	 0 	 1.33 	 1.93069739164145 	 1.93069739164145 	 0 
 448.65544 	 1.57 	 0 	 1.33 	 1.93799338334547 	 1.93799338334547 	 0 
 449.378104 	 1.57 	 0 	 1.33 	 1.94589796442251 	 1.94589796442251 	 0 
 450.101933 	 1.57 	 0 	 1.33 	 1.95432654465694 	 1.95432654465694 	 0 
 450.826927 	 1.57 	 0 	 1.33 	 1.96317955444074 	 1.96317955444074 	 0 
 451.553089 	 1.57 	 0 	 1.33 	 1.97234615072029 	 1.97234615072029 	 2.22044604925031E-16 
 452.280421 	 1.57 	 0 	 1.33 	 1.98170789593833 	 1.98170789593833 	 0 
 453.008924 	 1.57 	 0 	 1.33 	 1.99114244095419 	 1.99114244095419 	 0 
 453.738601 	 1.57 	 0 	 1.33 	 2.00052726461619 	 2.00052726461619 	-4.44089209850063E-16 
 454.469453 	 1.57 	 0 	 1.33 	 2.00974351912349 	 2.00974351912349 	 0 
 455.201483 	 1.57 	 0 	 1.33 	 2.01868000239438 	 2.01868000239438 	 0 
 455.934691 	 1.57 	 0 	 1.33 	 2.02723722833561 	 2.02723722833561 	 0 
 456.66908 	 1.57 	 0 	 1.33 	 2.0353314973316 	 2.0353314973316 	 0 
 457.404653 	 1.57 	 0 	 1.33 	 2.04289879012826 	 2.04289879012826 	 0 
 458.14141 	 1.57 	 0 	 1.33 	 2.04989823078961 	 2.04989823078961 	-4.44089209850063E-16 
 458.879354 	 1.57 	 0 	 1.33 	 2.05631480506907 	 2.05631480506907 	 0 
 459.618486 	 1.57 	 0 	 1.33 	 2.06216099795537 	 2.06216099795537 	 0 
 460.358809 	 1.57 	 0 	 1.33 	 2.06747704463191 	 2.06747704463191 	 0 
 461.100325 	 1.57 	 0 	 1.33 	 2.07232958092304 	 2.07232958092304 	 0 
 461.843034 	 1.57 	 0 	 1.33 	 2.07680862761816 	 2.07680862761816 	 0 
 462.586941 	 1.57 	 0 	 1.33 	 2.081023027675 	 2.081023027675 	 0 
 463.332045 	 1.57 	 0 	 1.33 	 2.08509464346367 	 2.08509464346367 	 0 
 464.07835 	 1.57 	 0 	 1.33 	 2.08915177536536 	 2.08915177536536 	 0 
 464.825856 	 1.57 	 0 	 1.33 	 2.09332235128494 	 2.09332235128494 	-4.44089209850063E-16 
 465.574567 	 1.57 	 0 	 1.33 	 2.09772744209492 	 2.09772744209492 	 0 
 466.324484 	 1.57 	 0 	 1.33 	 2.10247558341848 	 2.10247558341848 	 0 
 467.075608 	 1.57 	 0 	 1.33 	 2.10765824994851 	 2.10765824994851 	-4.44089209850063E-16 
 467.827943 	 1.57 	 0 	 1.33 	 2.11334666572242 	 2.11334666572242 	 0 
 468.581489 	 1.57 	 0 	 1.33 	 2.1195899746732 	 2.1195899746732 	 0 
 469.336249 	 1.57 	 0 	 1.33 	 2.12641466577941 	 2.12641466577941 	 0 
 470.092225 	 1.57 	 0 	 1.33 	 2.13382506045499 	 2.13382506045499 	 0 
 470.849418 	 1.57 	 0 	 1.33 	 2.14180462913487 	 2.14180462913487 	 0 
 471.607831 	 1.57 	 0 	 1.33 	 2.15031790314459 	 2.15031790314459 	 0 
 472.367466 	 1.57 	 0 	 1.33 	 2.15931277579236 	 2.15931277579236 	 0 
 473.128324 	 1.57 	 0 	 1.33 	 2.16872303086459 	 2.16872303086459 	 4.44089209850063E-16 
 473.890408 	 1.57 	 0 	 1.33 	 2.17847098636993 	 2.17847098636993 	 4.44089209850063E-16 
 474.653719 	 1.57 	 0 	 1.33 	 2.18847018810483 	 2.18847018810483 	 0 
 475.41826 	 1.57 	 0 	 1.33 	 2.19862812585453 	 2.19862812585453 	 0 
 476.184032 	 1.57 	 0 	 1.33 	 2.20884897161135 	 2.20884897161135 	 0 
 476.951038 	 1.57 	 0 	 1.33 	 2.21903635261009 	 2.21903635261009 	 0 
 477.719279 	 1.57 	 0 	 1.33 	 2.22909617191472 	 2.22909617191472 	 0 
 478.488757 	 1.57 	 0 	 1.33 	 2.23893947625277 	 2.23893947625277 	 0 
 479.259475 	 1.57 	 0 	 1.33 	 2.24848534614581 	 2.24848534614581 	 4.44089209850063E-16 
 480.031435 	 1.57 	 0 	 1.33 	 2.25766374960783 	 2.25766374960783 	 0 
 480.804638 	 1.57 	 0 	 1.33 	 2.26641826172982 	 2.26641826172982 	 0 
 481.579086 	 1.57 	 0 	 1.33 	 2.27470851400405 	 2.27470851400405 	 0 
 482.354782 	 1.57 	 0 	 1.33 	 2.28251220646968 	 2.28251220646968 	 4.44089209850063E-16 
 483.131727 	 1.57 	 0 	 1.33 	 2.28982650065329 	 2.28982650065329 	 0 
 483.909923 	 1.57 	 0 	 1.33 	 2.29666861911044 	 2.29666861911044 	 0 
 484.689373 	 1.57 	 0 	 1.33 	 2.30307551277717 	 2.30307551277718 	-4.44089209850063E-16 
 485.470079 	 1.57 	 0 	 1.33 	 2.30910252038018 	 2.30910252038018 	 0 
 486.252042 	 1.57 	 0 	 1.33 	 2.31482102911191 	 2.31482102911191 	 4.44089209850063E-16 
 487.035264 	 1.57 	 0 	 1.33 	 2.32031524133581 	 2.32031524133581 	-4.44089209850063E-16 
 487.819749 	 1.57 	 0 	 1.33 	 2.32567824318905 	 2.32567824318905 	 0 
 488.605496 	 1.57 	 0 	 1.33 	 2.33100764204881 	 2.33100764204881 	 0 
 489.39251 	 1.57 	 0 	 1.33 	 2.33640107862535 	 2.33640107862535 	-4.44089209850063E-16 
 490.180791 	 1.57 	 0 	 1.33 	 2.34195191992502 	 2.34195191992502 	 0 
 490.970341 	 1.57 	 0 	 1.33 	 2.34774540308233 	 2.34774540308233 	 0 
 491.761164 	 1.57 	 0 	 1.33 	 2.35385543551974 	 2.35385543551974 	 0 
 492.55326 	 1.57 	 0 	 1.33 	 2.36034217682005 	 2.36034217682005 	 0 
 493.346632 	 1.57 	 0 	 1.33 	 2.36725044588471 	 2.36725044588471 	 0 
 494.141283 	 1.57 	 0 	 1.33 	 2.37460892520594 	 2.37460892520594 	-4.44089209850063E-16 
 494.937213 	 1.57 	 0 	 1.33 	 2.38243008023216 	 2.38243008023216 	 0 
 495.734425 	 1.57 	 0 	 1.33 	 2.39071067909674 	 2.39071067909674 	 0 
 496.532921 	 1.57 	 0 	 1.33 	 2.39943278559121 	 2.39943278559121 	 0 
 497.332703 	 1.57 	 0 	 1.33 	 2.40856510255321 	 2.40856510255321 	-4.44089209850063E-16 
 498.133774 	 1.57 	 0 	 1.33 	 2.41806455875625 	 2.41806455875625 	 0 
 498.936135 	 1.57 	 0 	 1.33 	 2.42787805468739 	 2.42787805468739 	 0 
 499.739788 	 1.57 	 0 	 1.33 	 2.43794430665929 	 2.43794430665929 	 0 
 500.544736 	 1.57 	 0 	 1.33 	 2.44819575092929 	 2.44819575092929 	 4.44089209850063E-16 
 501.35098 	 1.57 	 0 	 1.33 	 2.45856048738928 	 2.45856048738928 	 0 
 502.158523 	 1.57 	 0 	 1.33 	 2.46896425442385 	 2.46896425442385 	 0 
 502.967367 	 1.57 	 0 	 1.33 	 2.47933243196693 	 2.47933243196693 	-4.44089209850063E-16 
 503.777513 	 1.57 	 0 	 1.33 	 2.48959206849577 	 2.48959206849577 	 4.44089209850063E-16 
 504.588965 	 1.57 	 0 	 1.33 	 2.49967392008549 	 2.49967392008549 	 4.44089209850063E-16 
 505.401723 	 1.57 	 0 	 1.33 	 2.50951447662964 	 2.50951447662964 	 0 
 506.215791 	 1.57 	 0 	 1.33 	 2.5190579334088 	 2.5190579334088 	 0 
 507.031169 	 1.57 	 0 	 1.33 	 2.52825804749428 	 2.52825804749428 	 0 
 507.847862 	 1.57 	 0 	 1.33 	 2.53707980076564 	 2.53707980076564 	 4.44089209850063E-16 
 508.665869 	 1.57 	 0 	 1.33 	 2.54550077783381 	 2.54550077783381 	 4.44089209850063E-16 
 509.485195 	 1.57 	 0 	 1.33 	 2.55351216125381 	 2.55351216125381 	 0 
 510.30584 	 1.57 	 0 	 1.33 	 2.56111925101972 	 2.56111925101972 	 4.44089209850063E-16 
 511.127806 	 1.57 	 0 	 1.33 	 2.56834143230394 	 2.56834143230394 	 0 
 511.951097 	 1.57 	 0 	 1.33 	 2.57521154484053 	 2.57521154484053 	 4.44089209850063E-16 
 512.775714 	 1.57 	 0 	 1.33 	 2.58177464721189 	 2.58177464721189 	 0 
 513.601659 	 1.57 	 0 	 1.33 	 2.58808621537808 	 2.58808621537808 	 4.44089209850063E-16 
 514.428935 	 1.57 	 0 	 1.33 	 2.5942098612549 	 2.5942098612549 	 4.44089209850063E-16 
 515.257543 	 1.57 	 0 	 1.33 	 2.60021469753235 	 2.60021469753235 	 0 
 516.087486 	 1.57 	 0 	 1.33 	 2.60617250338785 	 2.60617250338785 	 0 
 516.918765 	 1.57 	 0 	 1.33 	 2.61215485827883 	 2.61215485827883 	 0 
 517.751384 	 1.57 	 0 	 1.33 	 2.61823040623173 	 2.61823040623173 	 0 
 518.585343 	 1.57 	 0 	 1.33 	 2.62446239245533 	 2.62446239245533 	 0 
 519.420646 	 1.57 	 0 	 1.33 	 2.63090658156948 	 2.63090658156948 	 4.44089209850063E-16 
 520.257295 	 1.57 	 0 	 1.33 	 2.637609627585 	 2.637609627585 	 0 
 521.095291 	 1.57 	 0 	 1.33 	 2.64460792564745 	 2.64460792564745 	 0 
 521.934636 	 1.57 	 0 	 1.33 	 2.65192693939503 	 2.65192693939503 	 8.88178419700125E-16 
 522.775334 	 1.57 	 0 	 1.33 	 2.65958096907824 	 2.65958096907824 	 0 
 523.617386 	 1.57 	 0 	 1.33 	 2.66757330612243 	 2.66757330612243 	 4.44089209850063E-16 
 524.460794 	 1.57 	 0 	 1.33 	 2.67589670973981 	 2.67589670973981 	 4.44089209850063E-16 
 525.305561 	 1.57 	 0 	 1.33 	 2.68453413940677 	 2.68453413940677 	 4.44089209850063E-16 
 526.151688 	 1.57 	 0 	 1.33 	 2.69345968163153 	 2.69345968163153 	 0 
 526.999179 	 1.57 	 0 	 1.33 	 2.70263961824473 	 2.70263961824473 	 0 
 527.848034 	 1.57 	 0 	 1.33 	 2.71203359430632 	 2.71203359430632 	-4.44089209850063E-16 
 528.698257 	 1.57 	 0 	 1.33 	 2.72159585478214 	 2.72159585478214 	 0 
 529.549849 	 1.57 	 0 	 1.33 	 2.7312765289565 	 2.7312765289565 	 4.44089209850063E-16 
 530.402813 	 1.57 	 0 	 1.33 	 2.74102294909613 	 2.74102294909613 	 4.44089209850063E-16 
 531.25715 	 1.57 	 0 	 1.33 	 2.7507809945455 	 2.7507809945455 	 0 
 532.112864 	 1.57 	 0 	 1.33 	 2.7604964539424 	 2.7604964539424 	 0 
 532.969956 	 1.57 	 0 	 1.33 	 2.77011639662382 	 2.77011639662382 	 0 
 533.828429 	 1.57 	 0 	 1.33 	 2.77959053984889 	 2.77959053984889 	 0 
 534.688284 	 1.57 	 0 	 1.33 	 2.78887259176465 	 2.78887259176465 	 0 
 535.549525 	 1.57 	 0 	 1.33 	 2.79792154190969 	 2.79792154190969 	 0 
 536.412153 	 1.57 	 0 	 1.33 	 2.80670286256648 	 2.80670286256648 	 0 
 537.27617 	 1.57 	 0 	 1.33 	 2.81518957671675 	 2.81518957671675 	 0 
 538.141579 	 1.57 	 0 	 1.33 	 2.82336314311653 	 2.82336314311653 	-4.44089209850063E-16 
 539.008381 	 1.57 	 0 	 1.33 	 2.83121410744313 	 2.83121410744313 	-4.44089209850063E-16 
 539.87658 	 1.57 	 0 	 1.33 	 2.83874247168739 	 2.83874247168739 	-4.44089209850063E-16 
 540.746178 	 1.57 	 0 	 1.33 	 2.84595774262207 	 2.84595774262207 	 0 
 541.617176 	 1.57 	 0 	 1.33 	 2.85287863425516 	 2.85287863425516 	 4.44089209850063E-16 
 542.489577 	 1.57 	 0 	 1.33 	 2.85953241786665 	 2.85953241786665 	 0 
 543.363383 	 1.57 	 0 	 1.33 	 2.86595393493436 	 2.86595393493436 	 0 
 544.238597 	 1.57 	 0 	 1.33 	 2.87218431074905 	 2.87218431074905 	 4.44089209850063E-16 
 545.11522 	 1.57 	 0 	 1.33 	 2.87826942725013 	 2.87826942725013 	 0 
 545.993256 	 1.57 	 0 	 1.33 	 2.88425823010616 	 2.88425823010616 	 4.44089209850063E-16 
 546.872706 	 1.57 	 0 	 1.33 	 2.89020095534369 	 2.89020095534369 	 0 
 547.753572 	 1.57 	 0 	 1.33 	 2.8961473637548 	 2.8961473637548 	 0 
 548.635857 	 1.57 	 0 	 1.33 	 2.90214506676979 	 2.90214506676979 	 0 
 549.519563 	 1.57 	 0 	 1.33 	 2.90823801634971 	 2.90823801634971 	 4.44089209850063E-16 
 550.404693 	 1.57 	 0 	 1.33 	 2.91446521542185 	 2.91446521542185 	 0 
 551.291249 	 1.57 	 0 	 1.33 	 2.92085968660455 	 2.92085968660455 	 0 
 552.179232 	 1.57 	 0 	 1.33 	 2.92744771769636 	 2.92744771769636 	 0 
 553.068646 	 1.57 	 0 	 1.33 	 2.93424838463229 	 2.93424838463229 	 0 
 553.959492 	 1.57 	 0 	 1.33 	 2.94127333783614 	 2.94127333783614 	 8.88178419700125E-16 
 554.851773 	 1.57 	 0 	 1.33 	 2.94852682700178 	 2.94852682700178 	 4.44089209850063E-16 
 555.745492 	 1.57 	 0 	 1.33 	 2.95600593258177 	 2.95600593258177 	 4.44089209850063E-16 
 556.64065 	 1.57 	 0 	 1.33 	 2.96370096939391 	 2.96370096939391 	 0 
 557.53725 	 1.57 	 0 	 1.33 	 2.97159602814743 	 2.97159602814743 	 0 
 558.435294 	 1.57 	 0 	 1.33 	 2.97966962350473 	 2.97966962350473 	-4.44089209850063E-16 
 559.334784 	 1.57 	 0 	 1.33 	 2.98789542163162 	 2.98789542163162 	-4.44089209850063E-16 
 560.235724 	 1.57 	 0 	 1.33 	 2.99624302519469 	 2.99624302519469 	-4.44089209850063E-16 
 561.138114 	 1.57 	 0 	 1.33 	 3.004678798707 	 3.004678798707 	 0 
 562.041958 	 1.57 	 0 	 1.33 	 3.01316672142315 	 3.01316672142315 	 0 
 562.947258 	 1.57 	 0 	 1.33 	 3.02166925823428 	 3.02166925823428 	 0 
 563.854017 	 1.57 	 0 	 1.33 	 3.03014824096305 	 3.03014824096305 	 4.44089209850063E-16 
 564.762235 	 1.57 	 0 	 1.33 	 3.03856575301018 	 3.03856575301017 	 4.44089209850063E-16 
 565.671917 	 1.57 	 0 	 1.33 	 3.04688500949597 	 3.04688500949597 	 8.88178419700125E-16 
 566.583064 	 1.57 	 0 	 1.33 	 3.05507122303604 	 3.05507122303604 	 4.44089209850063E-16 
 567.495678 	 1.57 	 0 	 1.33 	 3.06309244237013 	 3.06309244237013 	 0 
 568.409763 	 1.57 	 0 	 1.33 	 3.07092034761482 	 3.07092034761482 	 0 
 569.325319 	 1.57 	 0 	 1.33 	 3.0785309824099 	 3.0785309824099 	 4.44089209850063E-16 
 570.242351 	 1.57 	 0 	 1.33 	 3.08590540021711 	 3.08590540021711 	 0 
 571.16086 	 1.57 	 0 	 1.33 	 3.09303020006938 	 3.09303020006938 	 8.88178419700125E-16 
 572.080848 	 1.57 	 0 	 1.33 	 3.09989792668881 	 3.09989792668881 	 4.44089209850063E-16 
 573.002318 	 1.57 	 0 	 1.33 	 3.10650731151696 	 3.10650731151696 	 0 
 573.925272 	 1.57 	 0 	 1.33 	 3.11286333508558 	 3.11286333508558 	 4.44089209850063E-16 
 574.849713 	 1.57 	 0 	 1.33 	 3.11897709731269 	 3.11897709731269 	 0 
 575.775642 	 1.57 	 0 	 1.33 	 3.12486549047786 	 3.12486549047786 	 0 
 576.703064 	 1.57 	 0 	 1.33 	 3.13055067926556 	 3.13055067926556 	 0 
 577.631979 	 1.57 	 0 	 1.33 	 3.13605940258405 	 3.13605940258405 	 0 
 578.56239 	 1.57 	 0 	 1.33 	 3.14142212192549 	 3.14142212192549 	-4.44089209850063E-16 
 579.4943 	 1.57 	 0 	 1.33 	 3.14667204985274 	 3.14667204985274 	 0 
 580.427711 	 1.57 	 0 	 1.33 	 3.1518440988968 	 3.1518440988968 	 4.44089209850063E-16 
 581.362626 	 1.57 	 0 	 1.33 	 3.15697379506482 	 3.15697379506482 	 0 
 582.299046 	 1.57 	 0 	 1.33 	 3.16209620094777 	 3.16209620094777 	-8.88178419700125E-16 
 583.236975 	 1.57 	 0 	 1.33 	 3.16724489109411 	 3.16724489109411 	 0 
 584.176414 	 1.57 	 0 	 1.33 	 3.1724510172377 	 3.1724510172377 	 0 
 585.117367 	 1.57 	 0 	 1.33 	 3.17774249377134 	 3.17774249377134 	 0 
 586.059835 	 1.57 	 0 	 1.33 	 3.18314332535047 	 3.18314332535047 	 0 
 587.003821 	 1.57 	 0 	 1.33 	 3.18867308955556 	 3.18867308955556 	 0 
 587.949328 	 1.57 	 0 	 1.33 	 3.19434657894048 	 3.19434657894048 	 0 
 588.896358 	 1.57 	 0 	 1.33 	 3.20017359919925 	 3.20017359919925 	 0 
 589.844913 	 1.57 	 0 	 1.33 	 3.20615891404765 	 3.20615891404765 	 0 
 590.794997 	 1.57 	 0 	 1.33 	 3.21230232296793 	 3.21230232296793 	 0 
 591.74661 	 1.57 	 0 	 1.33 	 3.21859885523113 	 3.21859885523113 	 0 
 592.699756 	 1.57 	 0 	 1.33 	 3.22503906244901 	 3.22503906244901 	 0 
 593.654438 	 1.57 	 0 	 1.33 	 3.23160939205576 	 3.23160939205576 	 0 
 594.610657 	 1.57 	 0 	 1.33 	 3.23829262525185 	 3.23829262525185 	 4.44089209850063E-16 
 595.568416 	 1.57 	 0 	 1.33 	 3.2450683647093 	 3.2450683647093 	 0 
 596.527719 	 1.57 	 0 	 1.33 	 3.25191355940815 	 3.25191355940815 	 0 
 597.488566 	 1.57 	 0 	 1.33 	 3.25880305605612 	 3.25880305605612 	 0 
 598.450961 	 1.57 	 0 	 1.33 	 3.26571016840225 	 3.26571016840225 	 0 
 599.414906 	 1.57 	 0 	 1.33 	 3.27260725721783 	 3.27260725721783 	 0 
 600.380404 	 1.57 	 0 	 1.33 	 3.27946631467583 	 3.27946631467583 	 0 
 601.347457 	 1.57 	 0 	 1.33 	 3.28625954726439 	 3.28625954726439 	 8.88178419700125E-16 
 602.316067 	 1.57 	 0 	 1.33 	 3.29295995123093 	 3.29295995123093 	 0 
 603.286238 	 1.57 	 0 	 1.33 	 3.29954187393204 	 3.29954187393204 	 8.88178419700125E-16 
 604.257972 	 1.57 	 0 	 1.33 	 3.30598155346932 	 3.30598155346932 	 0 
 605.231271 	 1.57 	 0 	 1.33 	 3.31225762777269 	 3.31225762777269 	 0 
 606.206137 	 1.57 	 0 	 1.33 	 3.31835160303251 	 3.31835160303251 	 0 
 607.182574 	 1.57 	 0 	 1.33 	 3.32424827028518 	 3.32424827028518 	 0 
 608.160583 	 1.57 	 0 	 1.33 	 3.32993605823492 	 3.32993605823492 	 4.44089209850063E-16 
 609.140168 	 1.57 	 0 	 1.33 	 3.33540731024963 	 3.33540731024963 	 0 
 610.121331 	 1.57 	 0 	 1.33 	 3.34065847406902 	 3.34065847406902 	 0 
 611.104074 	 1.57 	 0 	 1.33 	 3.34569019422602 	 3.34569019422602 	 0 
 612.088399 	 1.57 	 0 	 1.33 	 3.35050729954857 	 3.35050729954857 	 0 
 613.074311 	 1.57 	 0 	 1.33 	 3.35511868133225 	 3.35511868133225 	 0 
 614.06181 	 1.57 	 0 	 1.33 	 3.35953706171246 	 3.35953706171246 	 0 
 615.050901 	 1.57 	 0 	 1.33 	 3.36377865618568 	 3.36377865618568 	 4.44089209850063E-16 
 616.041584 	 1.57 	 0 	 1.33 	 3.36786273882929 	 3.36786273882929 	 0 
 617.033863 	 1.57 	 0 	 1.33 	 3.37181112319688 	 3.37181112319688 	 0 
 618.02774 	 1.57 	 0 	 1.33 	 3.375647575769 	 3.375647575769 	 0 
 619.023218 	 1.57 	 0 	 1.33 	 3.37939718189229 	 3.37939718189229 	 8.88178419700125E-16 
 620.0203 	 1.57 	 0 	 1.33 	 3.38308568609667 	 3.38308568609667 	 0 
 621.018987 	 1.57 	 0 	 1.33 	 3.38673882938915 	 3.38673882938914 	 8.88178419700125E-16 
 622.019284 	 1.57 	 0 	 1.33 	 3.39038170555443 	 3.39038170555443 	 4.44089209850063E-16 
 623.021191 	 1.57 	 0 	 1.33 	 3.39403815673288 	 3.39403815673288 	 0 
 624.024712 	 1.57 	 0 	 1.33 	 3.39773022578555 	 3.39773022578555 	 0 
 625.02985 	 1.57 	 0 	 1.33 	 3.40147767946134 	 3.40147767946134 	 0 
 626.036607 	 1.57 	 0 	 1.33 	 3.40529761246043 	 3.40529761246043 	 0 
 627.044985 	 1.57 	 0 	 1.33 	 3.40920413845785 	 3.40920413845785 	 0 
 628.054987 	 1.57 	 0 	 1.33 	 3.41320817029592 	 3.41320817029592 	 0 
 629.066617 	 1.57 	 0 	 1.33 	 3.41731728811311 	 3.41731728811311 	 0 
 630.079876 	 1.57 	 0 	 1.33 	 3.42153569131281 	 3.4215356913128 	 4.44089209850063E-16 
 631.094767 	 1.57 	 0 	 1.33 	 3.4258642280842 	 3.4258642280842 	 0 
 632.111292 	 1.57 	 0 	 1.33 	 3.43030049468991 	 3.43030049468991 	 0 
 633.129455 	 1.57 	 0 	 1.33 	 3.43483899589389 	 3.43483899589389 	 0 
 634.149258 	 1.57 	 0 	 1.33 	 3.43947135763596 	 3.43947135763596 	 0 
 635.170704 	 1.57 	 0 	 1.33 	 3.44418658325152 	 3.44418658325152 	 0 
 636.193795 	 1.57 	 0 	 1.33 	 3.44897134506173 	 3.44897134506173 	 0 
 637.218534 	 1.57 	 0 	 1.33 	 3.45381030388961 	 3.45381030388961 	 4.44089209850063E-16 
 638.244923 	 1.57 	 0 	 1.33 	 3.45868644987472 	 3.45868644987472 	 0 
 639.272966 	 1.57 	 0 	 1.33 	 3.46358145875905 	 3.46358145875905 	 4.44089209850063E-16 
 640.302664 	 1.57 	 0 	 1.33 	 3.46847605851873 	 3.46847605851873 	-4.44089209850063E-16 
 641.334021 	 1.57 	 0 	 1.33 	 3.47335040176232 	 3.47335040176232 	 0 
 642.36704 	 1.57 	 0 	 1.33 	 3.47818443967068 	 3.47818443967068 	 8.88178419700125E-16 
 643.401722 	 1.57 	 0 	 1.33 	 3.48295829340583 	 3.48295829340583 	 0 
 644.438071 	 1.57 	 0 	 1.33 	 3.4876526188736 	 3.4876526188736 	 8.88178419700125E-16 
 645.476089 	 1.57 	 0 	 1.33 	 3.49224896051845 	 3.49224896051845 	 0 
 646.515779 	 1.57 	 0 	 1.33 	 3.49673008950122 	 3.49673008950122 	 0 
 647.557144 	 1.57 	 0 	 1.33 	 3.50108032122282 	 3.50108032122282 	 0 
 648.600186 	 1.57 	 0 	 1.33 	 3.5052858067763 	 3.5052858067763 	 0 
 649.644908 	 1.57 	 0 	 1.33 	 3.50933479261221 	 3.50933479261221 	 0 
 650.691313 	 1.57 	 0 	 1.33 	 3.51321784256196 	 3.51321784256196 	 0 
 651.739404 	 1.57 	 0 	 1.33 	 3.51692801645137 	 3.51692801645137 	-8.88178419700125E-16 
 652.789182 	 1.57 	 0 	 1.33 	 3.5204609999089 	 3.5204609999089 	 0 
 653.840652 	 1.57 	 0 	 1.33 	 3.52381518067061 	 3.52381518067061 	 0 
 654.893815 	 1.57 	 0 	 1.33 	 3.52699166772149 	 3.52699166772149 	 0 
 655.948675 	 1.57 	 0 	 1.33 	 3.52999425097842 	 3.52999425097842 	 0 
 657.005233 	 1.57 	 0 	 1.33 	 3.53282930087062 	 3.53282930087062 	 0 
 658.063494 	 1.57 	 0 	 1.33 	 3.53550560903675 	 3.53550560903675 	 0 
 659.123459 	 1.57 	 0 	 1.33 	 3.53803417333613 	 3.53803417333613 	-8.88178419700125E-16 
 660.185131 	 1.57 	 0 	 1.33 	 3.54042793234817 	 3.54042793234817 	 0 
 661.248514 	 1.57 	 0 	 1.33 	 3.54270145638528 	 3.54270145638528 	 0 
 662.313609 	 1.57 	 0 	 1.33 	 3.54487060364645 	 3.54487060364645 	 0 
 663.38042 	 1.57 	 0 	 1.33 	 3.54695215138462 	 3.54695215138462 	 0 
 664.448949 	 1.57 	 0 	 1.33 	 3.54896341276665 	 3.54896341276665 	 8.88178419700125E-16 
 665.519199 	 1.57 	 0 	 1.33 	 3.55092185041986 	 3.55092185041986 	 0 
 666.591174 	 1.57 	 0 	 1.33 	 3.55284469747118 	 3.55284469747118 	 0 
 667.664875 	 1.57 	 0 	 1.33 	 3.55474859621764 	 3.55474859621764 	 8.88178419700125E-16 
 668.740305 	 1.57 	 0 	 1.33 	 3.55664926348078 	 3.55664926348078 	 8.88178419700125E-16 
 669.817468 	 1.57 	 0 	 1.33 	 3.55856119027852 	 3.55856119027852 	 1.77635683940025E-15 
 670.896365 	 1.57 	 0 	 1.33 	 3.56049738180177 	 3.56049738180177 	 0 
 671.977001 	 1.57 	 0 	 1.33 	 3.56246914192205 	 3.56246914192205 	 4.44089209850063E-16 
 673.059377 	 1.57 	 0 	 1.33 	 3.56448590469106 	 3.56448590469106 	 0 
 674.143496 	 1.57 	 0 	 1.33 	 3.56655511362178 	 3.56655511362178 	 0 
 675.229362 	 1.57 	 0 	 1.33 	 3.56868214804409 	 3.56868214804409 	-8.88178419700125E-16 
 676.316976 	 1.57 	 0 	 1.33 	 3.57087029456278 	 3.57087029456278 	 8.88178419700125E-16 
 677.406343 	 1.57 	 0 	 1.33 	 3.57312076064703 	 3.57312076064703 	 8.88178419700125E-16 
 678.497464 	 1.57 	 0 	 1.33 	 3.57543272665654 	 3.57543272665654 	-4.44089209850063E-16 
 679.590343 	 1.57 	 0 	 1.33 	 3.57780343215257 	 3.57780343215257 	 0 
 680.684982 	 1.57 	 0 	 1.33 	 3.5802282921237 	 3.5802282921237 	 0 
 681.781384 	 1.57 	 0 	 1.33 	 3.58270103874032 	 3.58270103874032 	 0 
 682.879553 	 1.57 	 0 	 1.33 	 3.58521388439225 	 3.58521388439225 	 0 
 683.97949 	 1.57 	 0 	 1.33 	 3.58775770201425 	 3.58775770201425 	-8.88178419700125E-16 
 685.081199 	 1.57 	 0 	 1.33 	 3.59032221901884 	 3.59032221901884 	 0 
 686.184682 	 1.57 	 0 	 1.33 	 3.59289622149215 	 3.59289622149215 	 0 
 687.289943 	 1.57 	 0 	 1.33 	 3.59546776563251 	 3.59546776563251 	-1.77635683940025E-15 
 688.396984 	 1.57 	 0 	 1.33 	 3.59802439369426 	 3.59802439369426 	 8.88178419700125E-16 
 689.505808 	 1.57 	 0 	 1.33 	 3.60055335192242 	 3.60055335192242 	 0 
 690.616419 	 1.57 	 0 	 1.33 	 3.6030418081159 	 3.6030418081159 	 0 
 691.728818 	 1.57 	 0 	 1.33 	 3.60547706653501 	 3.605477066535 	 4.44089209850063E-16 
 692.843009 	 1.57 	 0 	 1.33 	 3.60784677787854 	 3.60784677787854 	 0 
 693.958994 	 1.57 	 0 	 1.33 	 3.61013914200701 	 3.61013914200701 	 0 
 695.076778 	 1.57 	 0 	 1.33 	 3.6123431010001 	 3.6123431010001 	 0 
 696.196361 	 1.57 	 0 	 1.33 	 3.61444852002869 	 3.61444852002869 	 0 
 697.317748 	 1.57 	 0 	 1.33 	 3.61644635342059 	 3.61644635342059 	 0 
 698.440941 	 1.57 	 0 	 1.33 	 3.61832879322962 	 3.61832879322961 	 8.88178419700125E-16 
 699.565944 	 1.57 	 0 	 1.33 	 3.62008939760738 	 3.62008939760738 	 0 
 700.692758 	 1.57 	 0 	 1.33 	 3.6217231963487 	 3.6217231963487 	 0 
 701.821388 	 1.57 	 0 	 1.33 	 3.62322677115626 	 3.62322677115626 	 0 
 702.951835 	 1.57 	 0 	 1.33 	 3.62459830846162 	 3.62459830846162 	 0 
 704.084103 	 1.57 	 0 	 1.33 	 3.62583762305543 	 3.62583762305543 	 0 
 705.218195 	 1.57 	 0 	 1.33 	 3.62694615131745 	 3.62694615131745 	 4.44089209850063E-16 
 706.354114 	 1.57 	 0 	 1.33 	 3.62792691348705 	 3.62792691348705 	-4.44089209850063E-16 
 707.491863 	 1.57 	 0 	 1.33 	 3.62878444515526 	 3.62878444515526 	 0 
 708.631444 	 1.57 	 0 	 1.33 	 3.62952469896354 	 3.62952469896354 	 0 
 709.77286 	 1.57 	 0 	 1.33 	 3.63015491832452 	 3.63015491832452 	 0 
 710.916115 	 1.57 	 0 	 1.33 	 3.63068348579743 	 3.63068348579743 	-4.44089209850063E-16 
 712.061212 	 1.57 	 0 	 1.33 	 3.63111974951164 	 3.63111974951163 	 4.44089209850063E-16 
 713.208153 	 1.57 	 0 	 1.33 	 3.63147383169677 	 3.63147383169677 	 0 
 714.356941 	 1.57 	 0 	 1.33 	 3.63175642390839 	 3.63175642390839 	 0 
 715.50758 	 1.57 	 0 	 1.33 	 3.631978573907 	 3.631978573907 	 0 
 716.660072 	 1.57 	 0 	 1.33 	 3.63215146933434 	 3.63215146933434 	 4.44089209850063E-16 
 717.814421 	 1.57 	 0 	 1.33 	 3.63228622332672 	 3.63228622332672 	 0 
 718.970629 	 1.57 	 0 	 1.33 	 3.63239366701348 	 3.63239366701348 	 4.44089209850063E-16 
 720.128699 	 1.57 	 0 	 1.33 	 3.6324841534842 	 3.6324841534842 	 0 
 721.288635 	 1.57 	 0 	 1.33 	 3.63256737729505 	 3.63256737729505 	 4.44089209850063E-16 
 722.450439 	 1.57 	 0 	 1.33 	 3.63265221295392 	 3.63265221295392 	-4.44089209850063E-16 
 723.614114 	 1.57 	 0 	 1.33 	 3.63274657511328 	 3.63274657511328 	 0 
 724.779664 	 1.57 	 0 	 1.33 	 3.63285730244607 	 3.63285730244607 	 0 
 725.947091 	 1.57 	 0 	 1.33 	 3.63299006642261 	 3.63299006642261 	 8.88178419700125E-16 
 727.116398 	 1.57 	 0 	 1.33 	 3.63314930547819 	 3.63314930547819 	-4.44089209850063E-16 
 728.287589 	 1.57 	 0 	 1.33 	 3.63333818439203 	 3.63333818439203 	 0 
 729.460667 	 1.57 	 0 	 1.33 	 3.63355857810993 	 3.63355857810993 	 0 
 730.635633 	 1.57 	 0 	 1.33 	 3.6338110787508 	 3.6338110787508 	 0 
 731.812493 	 1.57 	 0 	 1.33 	 3.63409502414871 	 3.63409502414871 	 4.44089209850063E-16 
 732.991248 	 1.57 	 0 	 1.33 	 3.63440854599809 	 3.63440854599809 	 0 
 734.171902 	 1.57 	 0 	 1.33 	 3.6347486354851 	 3.6347486354851 	 0 
 735.354457 	 1.57 	 0 	 1.33 	 3.63511122419309 	 3.63511122419309 	 0 
 736.538917 	 1.57 	 0 	 1.33 	 3.63549127805199 	 3.63549127805199 	 4.44089209850063E-16 
 737.725286 	 1.57 	 0 	 1.33 	 3.63588290214399 	 3.63588290214399 	 0 
 738.913565 	 1.57 	 0 	 1.33 	 3.63627945426656 	 3.63627945426656 	 0 
 740.103758 	 1.57 	 0 	 1.33 	 3.63667366527172 	 3.63667366527172 	 0 
 741.295868 	 1.57 	 0 	 1.33 	 3.63705776433412 	 3.63705776433412 	 0 
 742.489898 	 1.57 	 0 	 1.33 	 3.63742360743639 	 3.63742360743639 	 0 
 743.685852 	 1.57 	 0 	 1.33 	 3.63776280748902 	 3.63776280748902 	 0 
 744.883731 	 1.57 	 0 	 1.33 	 3.63806686461518 	 3.63806686461518 	 0 
 746.083541 	 1.57 	 0 	 1.33 	 3.63832729522408 	 3.63832729522408 	 0 
 747.285283 	 1.57 	 0 	 1.33 	 3.6385357585671 	 3.6385357585671 	 0 
 748.48896 	 1.57 	 0 	 1.33 	 3.63868417951941 	 3.63868417951941 	 0 
 749.694577 	 1.57 	 0 	 1.33 	 3.63876486635823 	 3.63876486635823 	-4.44089209850063E-16 
 750.902135 	 1.57 	 0 	 1.33 	 3.63877062232268 	 3.63877062232268 	 0 
 752.111639 	 1.57 	 0 	 1.33 	 3.63869484974446 	 3.63869484974446 	 0 
 753.32309 	 1.57 	 0 	 1.33 	 3.63853164554144 	 3.63853164554144 	 0 
 754.536493 	 1.57 	 0 	 1.33 	 3.63827588687528 	 3.63827588687528 	 0 
 755.751851 	 1.57 	 0 	 1.33 	 3.63792330579801 	 3.63792330579801 	 4.44089209850063E-16 
 756.969166 	 1.57 	 0 	 1.33 	 3.63747055175845 	 3.63747055175845 	 0 
 758.188441 	 1.57 	 0 	 1.33 	 3.63691524091565 	 3.63691524091565 	 0 
 759.409681 	 1.57 	 0 	 1.33 	 3.636255991317 	 3.636255991317 	 0 
 760.632888 	 1.57 	 0 	 1.33 	 3.63549244314955 	 3.63549244314955 	 0 
 761.858065 	 1.57 	 0 	 1.33 	 3.63462526346394 	 3.63462526346394 	 0 
 763.085215 	 1.57 	 0 	 1.33 	 3.63365613500134 	 3.63365613500134 	 4.44089209850063E-16 
 764.314342 	 1.57 	 0 	 1.33 	 3.63258772902125 	 3.63258772902125 	 0 
 765.545449 	 1.57 	 0 	 1.33 	 3.63142366232554 	 3.63142366232555 	-8.88178419700125E-16 
 766.778539 	 1.57 	 0 	 1.33 	 3.63016843899284 	 3.63016843899284 	 4.44089209850063E-16 
 768.013615 	 1.57 	 0 	 1.33 	 3.6288273776667 	 3.6288273776667 	 0 
 769.250681 	 1.57 	 0 	 1.33 	 3.62740652556911 	 3.62740652556911 	 0 
 770.489739 	 1.57 	 0 	 1.33 	 3.62591256072287 	 3.62591256072287 	 0 
 771.730793 	 1.57 	 0 	 1.33 	 3.62435268415146 	 3.62435268415146 	 0 
 772.973846 	 1.57 	 0 	 1.33 	 3.62273450406831 	 3.62273450406831 	 0 
 774.218901 	 1.57 	 0 	 1.33 	 3.62106591425919 	 3.62106591425919 	 0 
 775.465961 	 1.57 	 0 	 1.33 	 3.61935496899285 	 3.61935496899285 	 4.44089209850063E-16 
 776.71503 	 1.57 	 0 	 1.33 	 3.61760975686 	 3.61760975686 	 1.33226762955019E-15 
 777.966111 	 1.57 	 0 	 1.33 	 3.61583827593602 	 3.61583827593602 	 0 
 779.219208 	 1.57 	 0 	 1.33 	 3.61404831259031 	 3.61404831259031 	 4.44089209850063E-16 
 780.474322 	 1.57 	 0 	 1.33 	 3.61224732612738 	 3.61224732612738 	 0 
 781.731459 	 1.57 	 0 	 1.33 	 3.61044234124952 	 3.61044234124952 	 0 
 782.99062 	 1.57 	 0 	 1.33 	 3.60863985008693 	 3.60863985008693 	 0 
 784.251809 	 1.57 	 0 	 1.33 	 3.60684572525993 	 3.60684572525993 	 0 
 785.51503 	 1.57 	 0 	 1.33 	 3.60506514513141 	 3.60506514513141 	 0 
 786.780286 	 1.57 	 0 	 1.33 	 3.60330253208891 	 3.60330253208891 	 0 
 788.047579 	 1.57 	 0 	 1.33 	 3.60156150437609 	 3.60156150437609 	 0 
 789.316914 	 1.57 	 0 	 1.33 	 3.59984484168542 	 3.59984484168542 	 4.44089209850063E-16 
 790.588294 	 1.57 	 0 	 1.33 	 3.59815446443599 	 3.59815446443599 	-1.33226762955019E-15 
 791.861721 	 1.57 	 0 	 1.33 	 3.5964914264009 	 3.5964914264009 	-4.44089209850063E-16 
 793.137199 	 1.57 	 0 	 1.33 	 3.59485592012397 	 3.59485592012397 	 0 
 794.414732 	 1.57 	 0 	 1.33 	 3.59324729437745 	 3.59324729437745 	 0 
 795.694323 	 1.57 	 0 	 1.33 	 3.59166408276447 	 3.59166408276447 	-4.44089209850063E-16 
 796.975974 	 1.57 	 0 	 1.33 	 3.5901040424597 	 3.5901040424597 	 0 
 798.259691 	 1.57 	 0 	 1.33 	 3.5885642020087 	 3.5885642020087 	 0 
 799.545474 	 1.57 	 0 	 1.33 	 3.58704091706573 	 3.58704091706573 	 0 
 800.833329 	 1.57 	 0 	 1.33 	 3.58552993293855 	 3.58552993293855 	 0 
 802.123259 	 1.57 	 0 	 1.33 	 3.58402645282031 	 3.58402645282031 	 0 
 803.415266 	 1.57 	 0 	 1.33 	 3.58252521061963 	 3.58252521061963 	 0 
 804.709354 	 1.57 	 0 	 1.33 	 3.58102054734363 	 3.58102054734363 	 0 
 806.005526 	 1.57 	 0 	 1.33 	 3.57950649004094 	 3.57950649004094 	 0 
 807.303786 	 1.57 	 0 	 1.33 	 3.57797683236844 	 3.57797683236844 	 0 
 808.604138 	 1.57 	 0 	 1.33 	 3.57642521590219 	 3.57642521590219 	 0 
 809.906584 	 1.57 	 0 	 1.33 	 3.57484521136759 	 3.57484521136759 	 0 
 811.211128 	 1.57 	 0 	 1.33 	 3.57323039901366 	 3.57323039901366 	 0 
 812.517773 	 1.57 	 0 	 1.33 	 3.57157444740001 	 3.57157444740001 	 0 
 813.826523 	 1.57 	 0 	 1.33 	 3.56987118990313 	 3.56987118990313 	 0 
 815.137381 	 1.57 	 0 	 1.33 	 3.56811469827952 	 3.56811469827952 	 0 
 816.45035 	 1.57 	 0 	 1.33 	 3.56629935264985 	 3.56629935264985 	 8.88178419700125E-16 
 817.765434 	 1.57 	 0 	 1.33 	 3.56441990729022 	 3.56441990729022 	 4.44089209850063E-16 
 819.082636 	 1.57 	 0 	 1.33 	 3.56247155163775 	 3.56247155163775 	 4.44089209850063E-16 
 820.40196 	 1.57 	 0 	 1.33 	 3.5604499659378 	 3.5604499659378 	 0 
 821.72341 	 1.57 	 0 	 1.33 	 3.55835137098438 	 3.55835137098438 	 0 
 823.046987 	 1.57 	 0 	 1.33 	 3.55617257143331 	 3.55617257143331 	 1.33226762955019E-15 
 824.372697 	 1.57 	 0 	 1.33 	 3.55391099220405 	 3.55391099220405 	 0 
 825.700542 	 1.57 	 0 	 1.33 	 3.55156470753106 	 3.55156470753106 	 0 
 827.030525 	 1.57 	 0 	 1.33 	 3.54913246228227 	 3.54913246228227 	 4.44089209850063E-16 
 828.362651 	 1.57 	 0 	 1.33 	 3.54661368523033 	 3.54661368523033 	 0 
 829.696923 	 1.57 	 0 	 1.33 	 3.54400849404336 	 3.54400849404336 	-4.44089209850063E-16 
 831.033344 	 1.57 	 0 	 1.33 	 3.54131769185556 	 3.54131769185556 	 4.44089209850063E-16 
 832.371917 	 1.57 	 0 	 1.33 	 3.53854275538287 	 3.53854275538287 	 0 
 833.712647 	 1.57 	 0 	 1.33 	 3.53568581466376 	 3.53568581466376 	 0 
 835.055536 	 1.57 	 0 	 1.33 	 3.53274962462804 	 3.53274962462804 	 8.88178419700125E-16 
 836.400588 	 1.57 	 0 	 1.33 	 3.52973752882363 	 3.52973752882363 	 0 
 837.747807 	 1.57 	 0 	 1.33 	 3.52665341576004 	 3.52665341576004 	 0 
 839.097195 	 1.57 	 0 	 1.33 	 3.52350166845347 	 3.52350166845347 	 0 
 840.448758 	 1.57 	 0 	 1.33 	 3.52028710787824 	 3.52028710787824 	 4.44089209850063E-16 
 841.802497 	 1.57 	 0 	 1.33 	 3.51701493113885 	 3.51701493113885 	-8.88178419700125E-16 
 843.158416 	 1.57 	 0 	 1.33 	 3.51369064527232 	 3.51369064527232 	 0 
 844.51652 	 1.57 	 0 	 1.33 	 3.51031999766854 	 3.51031999766854 	-8.88178419700125E-16 
 845.876811 	 1.57 	 0 	 1.33 	 3.50690890415423 	 3.50690890415423 	 0 
 847.239294 	 1.57 	 0 	 1.33 	 3.50346337582142 	 3.50346337582142 	 0 
 848.603971 	 1.57 	 0 	 1.33 	 3.49998944569373 	 3.49998944569373 	-4.44089209850063E-16 
 849.970846 	 1.57 	 0 	 1.33 	 3.49649309631125 	 3.49649309631125 	 0 
 851.339923 	 1.57 	 0 	 1.33 	 3.49298018927976 	 3.49298018927976 	 0 
 852.711204 	 1.57 	 0 	 1.33 	 3.48945639777236 	 3.48945639777236 	 4.44089209850063E-16 
 854.084695 	 1.57 	 0 	 1.33 	 3.48592714289394 	 3.48592714289394 	 0 
 855.460398 	 1.57 	 0 	 1.33 	 3.48239753472452 	 3.48239753472452 	 0 
 856.838317 	 1.57 	 0 	 1.33 	 3.47887231874859 	 3.47887231874859 	 0 
 858.218456 	 1.57 	 0 	 1.33 	 3.47535582825919 	 3.47535582825919 	 0 
 859.600817 	 1.57 	 0 	 1.33 	 3.47185194319994 	 3.47185194319994 	 0 
 860.985405 	 1.57 	 0 	 1.33 	 3.46836405578084 	 3.46836405578084 	 0 
 862.372223 	 1.57 	 0 	 1.33 	 3.46489504307664 	 3.46489504307664 	 0 
 863.761275 	 1.57 	 0 	 1.33 	 3.46144724669446 	 3.46144724669446 	 0 
 865.152565 	 1.57 	 0 	 1.33 	 3.45802245948222 	 3.45802245948222 	 0 
 866.546095 	 1.57 	 0 	 1.33 	 3.45462191914399 	 3.45462191914399 	 0 
 867.94187 	 1.57 	 0 	 1.33 	 3.45124630853461 	 3.45124630853461 	 0 
 869.339894 	 1.57 	 0 	 1.33 	 3.44789576232442 	 3.44789576232442 	-4.44089209850063E-16 
 870.740169 	 1.57 	 0 	 1.33 	 3.44456987965747 	 3.44456987965747 	-4.44089209850063E-16 
 872.142699 	 1.57 	 0 	 1.33 	 3.44126774237213 	 3.44126774237213 	 0 
 873.547489 	 1.57 	 0 	 1.33 	 3.43798793831168 	 3.43798793831168 	 0 
 874.954541 	 1.57 	 0 	 1.33 	 3.43472858922436 	 3.43472858922436 	 0 
 876.36386 	 1.57 	 0 	 1.33 	 3.43148738273428 	 3.43148738273428 	 0 
 877.775449 	 1.57 	 0 	 1.33 	 3.42826160785789 	 3.42826160785789 	 0 
 879.189312 	 1.57 	 0 	 1.33 	 3.42504819354166 	 3.42504819354166 	 0 
 880.605451 	 1.57 	 0 	 1.33 	 3.42184374970491 	 3.42184374970491 	 0 
 882.023872 	 1.57 	 0 	 1.33 	 3.41864461028564 	 3.41864461028564 	 0 
 883.444578 	 1.57 	 0 	 1.33 	 3.41544687780474 	 3.41544687780474 	 0 
 884.867572 	 1.57 	 0 	 1.33 	 3.4122464689844 	 3.4122464689844 	 0 
 886.292858 	 1.57 	 0 	 1.33 	 3.40903916097851 	 3.40903916097851 	 0 
 887.72044 	 1.57 	 0 	 1.33 	 3.4058206377947 	 3.4058206377947 	 0 
 889.150321 	 1.57 	 0 	 1.33 	 3.40258653650991 	 3.40258653650991 	 0 
 890.582506 	 1.57 	 0 	 1.33 	 3.39933249290182 	 3.39933249290182 	 0 
 892.016997 	 1.57 	 0 	 1.33 	 3.39605418613847 	 3.39605418613847 	-4.44089209850063E-16 
 893.453799 	 1.57 	 0 	 1.33 	 3.39274738218615 	 3.39274738218615 	 0 
 894.892915 	 1.57 	 0 	 1.33 	 3.3894079756124 	 3.3894079756124 	 0 
 896.334349 	 1.57 	 0 	 1.33 	 3.38603202947659 	 3.38603202947659 	 0 
 897.778105 	 1.57 	 0 	 1.33 	 3.38261581301496 	 3.38261581301496 	-4.44089209850063E-16 
 899.224187 	 1.57 	 0 	 1.33 	 3.37915583684152 	 3.37915583684152 	 0 
 900.672597 	 1.57 	 0 	 1.33 	 3.37564888540059 	 3.37564888540059 	-8.88178419700125E-16 
 902.123341 	 1.57 	 0 	 1.33 	 3.37209204642249 	 3.37209204642249 	 0 
 903.576422 	 1.57 	 0 	 1.33 	 3.36848273715026 	 3.36848273715026 	 0 
 905.031843 	 1.57 	 0 	 1.33 	 3.36481872712483 	 3.36481872712483 	 0 
 906.489608 	 1.57 	 0 	 1.33 	 3.36109815733736 	 3.36109815733736 	 0 
 907.949721 	 1.57 	 0 	 1.33 	 3.35731955558219 	 3.35731955558219 	 0 
 909.412187 	 1.57 	 0 	 1.33 	 3.35348184787206 	 3.35348184787206 	 0 
 910.877008 	 1.57 	 0 	 1.33 	 3.34958436580882 	 3.34958436580882 	 0 
 912.344188 	 1.57 	 0 	 1.33 	 3.34562684983826 	 3.34562684983826 	 0 
 913.813732 	 1.57 	 0 	 1.33 	 3.34160944835645 	 3.34160944835645 	 0 
 915.285642 	 1.57 	 0 	 1.33 	 3.33753271267668 	 3.33753271267668 	 0 
 916.759924 	 1.57 	 0 	 1.33 	 3.33339758791066 	 3.33339758791066 	 8.88178419700125E-16 
 918.23658 	 1.57 	 0 	 1.33 	 3.3292053998641 	 3.3292053998641 	 0 
 919.715614 	 1.57 	 0 	 1.33 	 3.32495783809382 	 3.32495783809382 	 0 
 921.197031 	 1.57 	 0 	 1.33 	 3.32065693532153 	 3.32065693532153 	-8.88178419700125E-16 
 922.680835 	 1.57 	 0 	 1.33 	 3.31630504344578 	 3.31630504344578 	 0 
 924.167028 	 1.57 	 0 	 1.33 	 3.31190480643813 	 3.31190480643813 	 0 
 925.655615 	 1.57 	 0 	 1.33 	 3.30745913045122 	 3.30745913045122 	-8.88178419700125E-16 
 927.1466 	 1.57 	 0 	 1.33 	 3.30297115150377 	 3.30297115150377 	 0 
 928.639986 	 1.57 	 0 	 1.33 	 3.29844420113956 	 3.29844420113956 	 0 
 930.135778 	 1.57 	 0 	 1.33 	 3.29388177048366 	 3.29388177048366 	 0 
 931.633979 	 1.57 	 0 	 1.33 	 3.28928747313871 	 3.28928747313871 	 0 
 933.134593 	 1.57 	 0 	 1.33 	 3.28466500737587 	 3.28466500737587 	 0 
 934.637624 	 1.57 	 0 	 1.33 	 3.28001811808014 	 3.28001811808014 	 0 
 936.143077 	 1.57 	 0 	 1.33 	 3.27535055890593 	 3.27535055890593 	 0 
 937.650954 	 1.57 	 0 	 1.33 	 3.27066605508857 	 3.27066605508857 	 0 
 939.16126 	 1.57 	 0 	 1.33 	 3.26596826733895 	 3.26596826733895 	 0 
 940.673999 	 1.57 	 0 	 1.33 	 3.26126075722393 	 3.26126075722393 	 0 
 942.189174 	 1.57 	 0 	 1.33 	 3.256546954404 	 3.256546954404 	 0 
 943.70679 	 1.57 	 0 	 1.33 	 3.25183012606358 	 3.25183012606358 	 0 
 945.22685 	 1.57 	 0 	 1.33 	 3.24711334882903 	 3.24711334882903 	 0 
 946.749359 	 1.57 	 0 	 1.33 	 3.24239948342524 	 3.24239948342524 	 0 
 948.27432 	 1.57 	 0 	 1.33 	 3.23769115227631 	 3.23769115227631 	 0 
 949.801738 	 1.57 	 0 	 1.33 	 3.2329907202083 	 3.2329907202083 	 0 
 951.331616 	 1.57 	 0 	 1.33 	 3.22830027836497 	 3.22830027836497 	 0 
 952.863957 	 1.57 	 0 	 1.33 	 3.22362163140135 	 3.22362163140135 	-4.44089209850063E-16 
 954.398768 	 1.57 	 0 	 1.33 	 3.21895628797491 	 3.21895628797491 	 0 
 955.93605 	 1.57 	 0 	 1.33 	 3.21430545451265 	 3.21430545451265 	 0 
 957.475808 	 1.57 	 0 	 1.33 	 3.20967003219301 	 3.20967003219301 	 0 
 959.018047 	 1.57 	 0 	 1.33 	 3.20505061704644 	 3.20505061704644 	-4.44089209850063E-16 
 960.56277 	 1.57 	 0 	 1.33 	 3.20044750304724 	 3.20044750304724 	-4.44089209850063E-16 
 962.109981 	 1.57 	 0 	 1.33 	 3.19586068804203 	 3.19586068804203 	 0 
 963.659684 	 1.57 	 0 	 1.33 	 3.19128988233763 	 3.19128988233763 	 0 
 965.211883 	 1.57 	 0 	 1.33 	 3.18673451975264 	 3.18673451975264 	 8.88178419700125E-16 
 966.766582 	 1.57 	 0 	 1.33 	 3.18219377092249 	 3.18219377092249 	 0 
 968.323786 	 1.57 	 0 	 1.33 	 3.17766655863779 	 3.17766655863779 	 0 
 969.883498 	 1.57 	 0 	 1.33 	 3.1731515749885 	 3.1731515749885 	 0 
 971.445722 	 1.57 	 0 	 1.33 	 3.16864730008361 	 3.16864730008361 	 0 
 973.010462 	 1.57 	 0 	 1.33 	 3.16415202211494 	 3.16415202211494 	 0 
 974.577723 	 1.57 	 0 	 1.33 	 3.15966385853621 	 3.15966385853621 	 0 
 976.147508 	 1.57 	 0 	 1.33 	 3.15518077813222 	 3.15518077813222 	 0 
 977.719822 	 1.57 	 0 	 1.33 	 3.1507006237591 	 3.1507006237591 	 0 
 979.294668 	 1.57 	 0 	 1.33 	 3.14622113554383 	 3.14622113554383 	 0 
 980.872051 	 1.57 	 0 	 1.33 	 3.14173997433928 	 3.14173997433928 	 0 
 982.451975 	 1.57 	 0 	 1.33 	 3.13725474524007 	 3.13725474524007 	 4.44089209850063E-16 
 984.034443 	 1.57 	 0 	 1.33 	 3.13276302097419 	 3.13276302097419 	 4.44089209850063E-16 
 985.619461 	 1.57 	 0 	 1.33 	 3.12826236499438 	 3.12826236499438 	 0 
 987.207031 	 1.57 	 0 	 1.33 	 3.12375035410374 	 3.12375035410374 	-4.44089209850063E-16 
 988.797159 	 1.57 	 0 	 1.33 	 3.11922460045898 	 3.11922460045898 	 4.44089209850063E-16 
 990.389848 	 1.57 	 0 	 1.33 	 3.11468277280476 	 3.11468277280476 	-4.44089209850063E-16 
 991.985102 	 1.57 	 0 	 1.33 	 3.11012261680167 	 3.11012261680167 	 0 
 993.582926 	 1.57 	 0 	 1.33 	 3.10554197431967 	 3.10554197431967 	 0 
 995.183324 	 1.57 	 0 	 1.33 	 3.10093880157798 	 3.10093880157798 	 4.44089209850063E-16 
 996.786299 	 1.57 	 0 	 1.33 	 3.09631118602116 	 3.09631118602116 	 0 
 998.391857 	 1.57 	 0 	 1.33 	 3.09165736183056 	 3.09165736183056 	 0 
 1000 	 1.57 	 0 	 1.33 	 3.08697572397912 	 3.08697572397912 	-4.44089209850063E-16 
******************************************

